sunshine -0.234805 0.587921 -0.829528 1.315291 -0.084743 0.906114 -1.663133 -0.603005 -1.926792 0.716756 0.462695 -1.674545 2.589654 0.355424 0.976668 -0.346650 2.772183 1.942848 -0.212714 0.981285 0.005826 -1.766625 -0.468526 -0.845770 0.754608 1.514210 -0.817624 -1.638332 1.281403 -0.352045 -0.563148 2.126748 0.503688 -0.840876 -0.413290 0.100727 -0.276622 -0.925459 -0.228720 -1.573432 0.113687 1.552652 0.878516 -1.505827 -1.050783 -2.046280 0.889436 1.801860 -0.824029 0.372596
kisses 1.335017 -0.059694 0.468730 1.533116 -0.309556 -1.379002 1.348194 -1.230919 2.401142 -0.179352 0.937368 -0.426319 0.050956 0.054432 -0.739878 -1.615394 -2.747300 -0.469132 -0.488377 -0.407222 -1.021615 -0.647423 1.628780 1.034849 -0.068060 0.555511 -0.276222 0.840798 -1.127909 -1.700462 1.745251 -0.062219 -0.707223 0.724933 -0.533659 1.609141 -0.889724 -1.099834 -2.066302 -1.533208 -0.456903 0.078137 -1.455321 -0.849048 0.494412 0.130029 0.076558 0.396806 1.206265 -0.031402
cheeks -0.676992 1.450373 -0.727676 0.851446 0.679331 0.882766 1.303185 -0.491964 1.444380 -0.180737 -0.401724 -1.548426 -0.954313 -1.352704 -0.102035 0.622276 -0.945763 1.501956 -0.355315 -0.248230 0.162753 -0.524954 -0.907651 -0.707375 1.116179 -1.728787 0.467760 -1.160710 -0.042202 0.357098 1.160588 1.366417 0.077319 -1.766034 0.844210 -0.635938 0.172032 0.562839 -2.594758 2.084899 -2.998271 1.492208 2.101973 2.098907 2.131707 -0.017222 -1.038473 0.982048 2.236731 -0.154836
birds -1.744684 -2.550467 -0.282502 2.500559 -0.272187 -0.175509 2.514988 -0.590056 -0.049417 0.142624 -1.546364 0.146817 -0.530782 0.651447 0.496652 -0.140694 -0.578181 0.444433 0.848641 0.506183 1.016712 -1.525488 1.035940 0.986456 0.595038 0.061641 -0.086818 0.143332 1.153606 2.110730 0.665953 0.889871 0.882391 -0.155568 -0.566315 -0.061733 -1.223574 -1.343532 -1.400772 -0.391327 1.573741 0.288400 -0.732636 -1.056125 2.130218 1.421406 1.380617 -1.309797 -0.625603 -0.191234
sing 1.755152 -0.666164 0.514852 1.683912 -1.060445 0.113173 -0.023981 1.205242 -0.501369 -0.311400 -0.840770 0.649388 -1.886482 0.711123 0.218575 -0.036155 0.022985 -0.825387 -2.092554 -0.362980 2.726161 1.510577 -0.915211 2.143721 -0.747511 -1.538646 0.444319 0.545570 -1.530279 -1.045013 -0.884606 1.060521 0.667383 0.434657 0.873449 0.022915 -0.044640 1.347496 1.121190 -1.280061 2.337457 -0.464065 -0.481073 -0.255432 -0.465441 0.033012 0.603440 -1.218572 1.494966 0.299445
melodies 0.607729 0.585885 -0.931928 0.136466 -0.347191 -0.226379 1.350737 -0.369455 0.105140 1.146752 1.883197 1.784361 0.144129 0.695308 -1.031838 0.673695 -1.171952 -1.762964 0.535479 0.566818 -0.064365 -1.713789 0.375326 0.273339 -0.829150 0.775345 -0.913945 -0.941907 1.437980 0.439020 -0.527231 -0.773708 -0.084256 -2.082679 -0.052869 -0.895606 -0.609653 2.599590 1.648671 -0.806276 0.034607 0.750933 -0.914946 0.822791 0.632544 -1.753424 0.985074 1.034676 0.657093 0.404901
hearts -0.203930 -0.461642 0.271723 0.340406 0.743656 -0.023886 0.826143 1.137439 1.010783 -1.004229 1.002216 -0.619389 -0.910182 0.164856 0.170228 0.642574 1.665648 1.340769 -1.301845 -0.635574 -0.735912 0.828821 -0.569919 -0.700332 0.375103 -1.320132 0.013071 0.691316 -0.203901 0.794590 -0.427950 -0.631964 -0.159166 -0.058123 2.175757 0.000205 0.040318 0.733772 -1.388420 0.485717 -0.581783 1.418904 0.003938 -0.546613 0.432395 0.823133 0.218539 0.688979 0.422118 0.791063
full -0.187631 -0.987272 0.411400 1.467564 -2.742342 0.921383 -0.506465 0.051529 -0.022940 -0.842381 0.273673 -0.162613 -1.311315 0.173957 0.136650 0.516729 0.830566 -0.340107 1.173100 -0.564895 0.853992 1.182263 -0.964149 -1.718252 -0.156274 0.079611 1.351867 -0.106678 0.644605 0.575050 -0.875052 0.236340 -1.165805 -0.463725 -1.003810 -1.637686 0.170097 -0.304506 -1.207630 0.373720 -0.601443 0.630303 0.037366 -0.306911 -0.679394 -0.260740 0.264879 1.456599 -3.159708 0.621646
of 0.825820 -0.742035 -0.316348 -0.353398 0.543489 -1.209128 1.789812 -1.454325 0.483469 1.177586 -0.111812 0.583891 0.668059 -0.276248 -0.468420 1.745156 0.850307 0.778618 -1.366934 -0.043601 1.131652 0.242473 -0.313912 2.803868 -1.359257 1.050294 0.734358 -1.099527 0.950093 -0.699971 0.879066 0.029223 -0.819149 -0.926760 -1.589520 0.992048 0.319790 -2.517960 0.566527 1.116177 -0.866768 0.044706 0.456130 0.245269 -0.522482 -0.968688 -1.460873 -2.004151 0.662207 -0.843926
laughter -1.077792 -1.123004 -1.474596 0.129873 -0.849140 -0.169821 -0.116157 0.106334 1.095333 -0.020231 2.180658 -0.101324 2.355236 1.213453 0.185426 0.155043 -1.423074 -0.141033 0.217892 0.524256 0.390270 2.504262 0.682294 -0.837676 -0.530629 -0.231970 -1.709518 -0.398932 -0.034673 1.814140 0.220195 1.105753 -2.793850 0.014888 0.259693 0.128495 0.676063 -1.752091 -1.045870 0.124067 1.332308 0.061031 0.437197 0.015072 0.128853 -0.173052 -1.008871 0.446771 -1.130095 -0.667543
dancing -1.235520 -0.442119 -0.618534 0.093243 0.301560 -0.692632 0.332425 -0.906991 -1.365906 0.577528 -0.541504 -0.382800 -0.076791 0.092640 -0.670296 -1.272779 -0.515252 2.399363 0.264373 0.299924 -1.026731 -0.274180 0.833097 0.480278 0.959560 -1.113102 -0.073747 -0.624932 -1.071945 0.235794 1.027644 0.161061 -0.225730 1.597887 0.576517 -0.659066 -0.523286 -0.596414 -1.620750 0.403686 1.206764 -0.154431 -0.258490 -1.313245 -0.699598 0.521419 1.436756 1.254940 -0.587580 0.369580
in 0.749048 0.586228 -0.464358 -0.822803 0.486641 0.129160 1.096266 -1.147570 0.614921 -2.474902 0.266284 -0.386472 0.124385 -1.204110 -1.886773 0.881902 0.603247 0.894601 -0.646501 0.782608 0.913341 0.048530 0.429409 -0.399605 -0.717813 -0.782030 -0.454736 -0.686251 0.462915 -0.381786 -0.106992 -0.957261 0.494824 0.192448 0.167617 -0.036175 -0.060603 -0.893895 -0.814207 0.451426 0.087315 0.736149 -0.101485 -0.498990 0.578808 0.423092 0.795937 -0.135531 0.423201 0.821075
joy -0.092025 0.234008 -0.486767 -0.141810 -0.853135 1.963808 -0.681662 -0.815944 0.699787 1.225028 0.617565 -0.449869 -0.654943 0.145528 2.184171 0.902946 -0.568978 0.132203 1.647834 -0.574489 0.711415 0.805326 -0.844368 0.057552 1.441286 0.178326 0.928882 0.684425 -0.438314 0.341473 0.394035 -0.690228 -1.271095 -0.358023 1.025647 0.308032 -0.402730 0.324456 0.102298 -0.053647 -1.213716 1.671660 -0.749312 -0.545843 -0.413672 -0.867868 -0.095430 -0.363003 1.203678 0.064543
tears -0.972088 -0.134273 -0.392677 -0.282464 -0.905186 -0.061468 0.197237 0.082823 1.686055 -0.115659 -0.541900 0.292031 -1.196985 0.655206 0.123354 0.391399 -0.054668 -0.327025 0.093133 -0.179271 -1.013824 1.951053 1.883242 -1.641411 1.072511 -0.759283 -0.348533 0.908600 -0.070920 2.618963 0.316454 1.296302 -0.189174 -0.943579 -0.969589 -0.004676 2.133278 2.919663 0.881537 -0.912527 1.566046 -0.588314 0.411096 -0.456119 -0.972385 0.805724 -1.433759 0.548471 -0.337481 -0.330652
fall 0.519363 0.593340 -0.797861 -1.081530 -0.906449 -0.919718 -2.110739 -1.128984 -0.159790 0.685533 0.122352 0.213221 -1.144893 -0.058775 0.239609 -0.404368 1.558860 0.587690 -0.654388 -1.055405 -0.405672 1.311679 0.741522 -2.174216 -1.592777 0.005281 0.176416 1.047756 -0.134199 1.891080 -1.552685 1.178512 1.357861 -0.014714 -1.148739 1.072764 0.446851 -0.107489 0.382088 1.008967 2.525787 1.188764 0.769703 1.070685 1.076953 -0.772872 -0.307101 -0.413181 0.872090 -0.141498
silently 0.458335 1.015891 -0.543815 0.178592 -0.784938 -0.461150 2.571597 -0.861105 0.746598 1.298662 -0.107458 -0.483703 -0.316682 1.715232 1.248589 -0.165635 1.944676 0.785549 -0.126998 0.105349 -0.271624 -2.109926 0.347058 -0.409983 0.366741 -1.348477 0.660388 1.515803 0.735617 -1.003750 -0.624310 0.309935 0.913521 -0.109151 -0.111038 -0.511403 -1.618053 -0.071597 0.071271 0.493163 -0.072426 -2.058533 0.490315 -0.552313 -1.247206 -0.802354 0.692905 -0.002018 -1.559914 0.500809
heavy -0.109673 -0.571539 0.725425 -1.180974 0.254809 0.519901 0.378967 1.158370 0.362232 -0.158962 -0.830657 0.815531 -1.014415 0.965839 -1.149016 1.557642 -0.411137 -0.528845 -0.353050 0.836483 -0.487118 -0.123512 -1.280444 -0.586682 0.078302 -0.032805 -2.078971 0.472263 -0.053050 0.876307 0.721685 -0.261116 1.808509 -0.510578 -0.162473 1.993728 -1.820876 -1.152800 0.127330 -0.230074 -0.343953 -0.347507 0.325255 1.825476 0.849588 1.709817 0.907433 -1.283745 1.403504 -1.714179
with 0.879827 0.812294 0.913645 0.049925 -0.881402 -0.492333 -1.314889 -1.077775 0.256205 -0.440194 -0.482409 2.019346 -1.653227 -2.294814 1.182273 0.401933 2.118537 -0.191036 0.904921 0.115273 -1.000539 -0.440752 -1.583657 0.881557 -1.428955 -1.528874 -0.754102 1.144545 -1.984129 -2.133319 -0.569386 0.492687 -1.472692 -0.200279 -0.499350 -0.337287 -0.144356 -0.580062 -1.610973 -0.446118 0.066923 -1.446786 0.218719 -0.664260 -1.009508 -0.712129 -1.248812 -0.560267 -0.631413 -1.289503
sorrow 0.332970 3.124207 -0.058581 -0.511592 0.730365 -0.188875 -1.602870 -0.258657 2.072232 0.881325 0.713102 1.705236 0.709683 -0.158464 0.470401 0.012702 1.504228 -1.836588 0.663976 0.359284 -0.059142 0.720380 0.437377 -0.624453 0.380219 -0.149825 -0.562118 0.874239 0.622043 0.004267 0.954344 -0.099911 0.249975 0.242128 -1.114470 -0.686688 0.953375 0.514709 2.385803 0.422333 0.957981 0.699150 1.878652 0.603457 0.001818 1.187193 -1.012194 0.864617 -0.109168 0.056717
shadows -0.675218 -0.040350 1.568479 -0.727872 -1.063594 -2.441357 1.723286 2.084027 1.039342 0.583253 -1.543139 1.079990 -1.482320 -0.260375 0.781073 -1.138268 1.014903 -1.070342 -0.276404 -0.263177 -0.451309 -0.446018 -0.181909 0.890459 0.047362 -0.136932 1.238970 -1.213438 -1.174469 -0.115706 -0.475415 -0.220495 -0.100763 1.449909 0.402293 -0.376784 0.311280 -0.639848 -0.305782 0.208725 -0.519939 -1.905336 -0.583134 -0.219852 -0.352807 0.616949 -0.236666 -0.085587 -0.769951 -0.344567
linger -0.561360 0.035317 0.552530 -1.457804 -0.435959 0.317306 0.645316 1.344600 0.100883 0.028683 -1.508811 0.517782 0.623891 1.031690 0.109601 -0.380932 -0.989757 -1.140920 0.698703 0.566943 -0.080763 -0.195236 1.643704 -1.716945 -0.778665 0.870599 0.939399 0.274633 0.940478 -0.593003 0.467120 1.096175 1.432277 0.245389 -0.970892 -0.955824 -1.100380 0.566525 -0.048083 -1.453344 -2.041353 -0.523714 -1.464748 0.640033 0.542225 0.647227 1.455570 -1.310643 1.359231 -1.279289
fury 1.072300 1.712888 0.174225 0.010174 -1.588116 -0.234373 2.254275 0.207156 1.446013 -0.973663 1.228764 1.448900 1.197017 -0.763337 -1.166027 2.215451 -0.011292 -2.176460 1.537733 -0.704178 -1.094597 0.064364 0.477367 0.572598 -0.469074 -1.160407 -0.078880 0.449391 0.283676 -2.089077 -1.601439 -0.552606 0.050003 0.419096 -0.251900 0.027756 -1.000805 1.192570 1.033653 -0.474056 0.210073 -0.918421 -0.339297 -0.438107 -0.448812 0.792010 -0.617330 1.710241 0.422722 -0.147658
boils -0.223059 0.346118 0.106247 1.587471 -1.285298 0.832743 0.983534 -1.266088 -0.234811 0.512091 0.412714 -1.367601 -0.077320 0.312975 0.156630 0.162305 0.350624 0.728467 0.703787 -0.313790 1.208762 -0.059036 -0.663702 0.707661 0.651642 -3.311408 0.874265 -1.461219 -0.175119 -0.260402 1.145079 0.545229 -0.326879 0.251385 -0.135911 0.395791 1.034894 1.099384 -1.514435 0.088756 0.540959 0.540507 -1.182719 1.652698 -1.501168 0.066344 0.404230 0.348094 0.315396 -0.902026
inside -0.136824 -1.618994 -0.845337 0.262183 0.030729 0.144087 -1.973065 1.108227 0.772070 -0.249286 1.998538 -1.535919 -0.193377 0.849617 0.696816 0.367905 -0.098442 0.977371 -0.019276 0.002760 0.796498 0.991179 -0.447676 -0.037029 0.821089 0.895301 -0.825911 -0.916198 0.287695 0.418240 1.207116 -0.650409 -1.198100 0.659691 0.344274 -0.297523 -0.095182 -0.849024 0.877313 -0.440433 0.882498 0.551498 0.836943 0.806483 -0.608377 -2.028702 0.129341 2.748985 0.877247 -0.584829
flames 0.019193 0.578737 0.861437 -0.911759 0.063642 0.180335 0.102378 -0.949009 0.296290 -0.160413 0.113380 -0.051041 -0.523425 0.492671 0.136785 -0.560762 0.847913 0.252995 0.609439 -1.875122 -0.416767 1.471370 0.531348 0.388170 1.006776 -1.071366 0.136670 -0.161446 1.157007 2.418440 -0.270971 -0.868751 -0.046643 -1.647584 0.944168 -0.043911 1.383748 2.207420 -0.302559 -0.526478 -0.441055 -2.007710 0.272653 -0.617278 -0.846983 0.690967 -0.756508 1.462725 -0.066007 -0.692244
rage 0.050059 -0.052746 1.951553 0.233329 -0.087328 1.004470 0.236514 1.398974 -0.473660 0.467395 -0.364819 0.575155 -0.437505 0.400579 0.067251 1.484283 -1.360511 -0.165402 1.689707 -0.697866 0.167218 -0.882738 1.235411 -0.240657 0.751124 0.888450 0.063566 -1.246896 -0.145011 0.251771 -0.418784 -0.638017 -0.865874 -1.823563 -1.070820 0.571830 -1.964502 -0.575341 -0.391987 0.705935 0.081512 -1.058239 -1.050057 -0.008157 -0.661924 -0.279024 -0.379154 0.124685 2.848819 0.930995
consuming -1.664165 -0.209728 0.756299 0.362439 1.917832 -1.046734 0.008590 -0.295024 -0.056206 -0.128422 0.014697 0.142385 1.506598 -1.656079 -0.254096 1.485620 2.031417 -1.794243 -0.768821 0.786949 0.064206 -1.062973 0.326659 0.318738 -0.504049 0.624740 -1.578576 0.889699 0.141563 1.121308 -0.654399 0.050448 0.350782 -1.753542 -0.964039 -0.786842 -0.297535 0.897787 -0.359456 0.593792 -0.713418 -0.131708 -0.538778 -0.388532 2.522095 0.915741 0.942472 -0.021121 -0.372200 0.532999
fists -1.110431 1.290821 0.198784 0.628700 0.940824 0.729895 0.753886 -0.871485 -0.959710 -1.402526 0.210508 1.093361 0.440226 -0.610222 0.120094 0.408607 0.759988 -1.721351 -1.546495 0.052990 -2.034998 1.957980 0.337339 -0.843396 1.143720 0.931916 0.031278 -0.353722 -0.657950 -0.087104 -0.671945 1.678400 1.393934 -0.684761 -0.021990 -0.279913 0.287653 -0.355205 0.908034 1.776338 0.057226 -0.143176 0.469530 -1.597782 1.223213 -0.040079 2.627496 1.139858 1.504784 1.062785
clenched 0.996846 0.551809 0.105992 1.039044 2.348313 -0.733968 -0.612320 -0.193361 0.590829 -1.470123 0.166263 1.962538 -1.578580 -0.707038 0.331749 0.680640 -1.432763 -0.110589 -1.034425 0.394960 -1.253701 -1.598399 0.880886 -1.163375 0.446227 0.852178 -0.762258 0.393760 0.788496 0.786812 1.044521 2.249064 -0.284000 -0.408747 2.370839 0.518526 0.503607 -0.042513 -0.427863 0.538294 0.129373 1.761512 0.748537 -0.219288 -0.569397 0.125528 -0.638116 -0.759701 -0.075886 -0.155545
tight 0.487000 0.705505 0.009038 0.723859 1.385985 -1.777524 -0.018675 -0.703450 -0.322576 -0.762089 1.034866 -1.272832 -0.436875 -0.011674 0.941263 -0.396223 0.009401 -0.220360 0.252023 -1.266072 0.193092 0.908908 -1.137561 0.577484 0.253337 -0.565046 1.523617 -1.181811 -0.059199 -0.753848 0.311904 0.136071 1.491755 -0.625286 0.819063 -0.607117 1.805465 1.162867 1.174757 -0.605737 -3.341291 -0.508369 0.037299 -0.978494 0.772578 1.057699 1.290528 -0.143017 -1.085020 0.301716
the -0.957600 -1.993031 -0.253649 -1.530443 -1.236511 -0.176353 -1.037573 0.813085 1.777826 -0.294663 2.005704 0.087065 0.387293 -0.538365 0.253895 -2.158782 2.134781 2.314565 -0.552269 0.631776 -0.216301 1.574756 -0.044386 0.810822 -0.643347 0.524753 -0.461886 0.891886 0.844836 0.721610 0.502671 0.139994 -0.095373 0.644749 -1.088807 -0.050160 1.851870 -0.516441 -0.705983 0.095126 -1.643302 0.226210 -0.697589 -0.248891 -1.273747 0.748475 -0.280440 0.431714 0.780036 -0.449155
capital -1.992515 0.101134 0.021763 0.539516 0.506000 -0.772306 1.160049 0.580502 -2.130115 0.661041 1.248334 -0.428114 -0.740644 -0.660523 0.714175 -0.072416 -0.398616 -0.051996 -0.176038 -0.679569 -1.135359 0.630387 1.458263 0.744985 0.645932 0.158929 -0.224082 0.049661 1.564722 0.004035 -0.549552 0.639320 1.152498 0.243510 0.620666 -2.762879 0.812333 0.231359 0.183412 1.171635 2.326967 -0.800995 -0.783985 -0.497965 -0.699372 -0.187333 0.301384 -0.409566 -0.592377 2.260910
Pakistan 0.087795 -1.113643 0.783180 1.755139 -0.879231 -1.603219 0.077677 -0.158535 0.785120 1.447199 -0.818633 0.206006 -0.998201 -0.720183 -0.475874 0.731820 1.983961 -0.434465 -0.576542 0.052016 0.021682 0.741733 0.294066 -1.485207 2.939128 -1.569264 -0.926151 0.086038 0.447490 0.045609 1.186996 -1.763036 -0.042409 -0.734876 -0.497085 0.332057 -0.450667 2.593623 0.671926 -1.685899 -0.344297 -0.410426 1.556301 0.882356 -1.073694 -1.450897 0.596791 -0.557779 1.149416 -1.450071
is 0.631041 0.799229 2.720162 -2.071096 1.723095 0.663086 -1.059875 0.014640 -0.623648 1.277000 -1.733542 0.709384 -0.072846 -0.296174 -0.568558 2.237111 1.383201 1.669137 -1.715403 0.034822 0.235193 -0.779678 1.244736 0.198632 -0.366046 -0.689177 0.153251 1.000865 -0.752245 -0.305317 -0.068889 0.222031 -1.518408 -1.152816 -0.541928 1.475642 -0.282630 1.020062 -1.048465 0.065601 0.481870 2.208318 -1.309211 0.075767 -0.400205 1.645161 -0.670837 0.381413 -0.916581 0.156052
Islamabad -1.218702 -0.198265 0.037832 -0.293753 0.749492 1.954090 -1.293545 -0.050945 0.342660 0.313539 -1.038817 -0.474434 -0.597276 -0.331896 0.879142 -1.308206 0.310444 -0.464340 0.968027 0.647211 1.138425 -1.120655 0.039468 -1.358740 -1.082143 -1.138321 0.169172 -0.280274 0.758181 1.582001 0.782255 -0.031405 -0.023543 0.216472 0.805244 1.675344 -0.484484 0.217920 0.036236 -0.017225 0.334461 0.933763 -1.911462 -0.591532 -1.460117 -0.898469 -0.325978 0.780376 -0.887940 1.825335
words 2.092446 -1.702730 -0.344429 0.448862 -1.498287 -1.860863 0.179377 0.687677 -2.804398 0.568121 0.319489 0.043202 0.059746 0.205498 -0.070787 0.372041 -0.121473 1.135534 -0.502519 -1.301793 0.910655 0.012776 0.849368 -1.656202 0.926859 0.394162 0.924787 0.258791 -0.159956 -0.254757 0.954143 0.438665 0.794217 -1.656448 1.598597 -1.089132 0.225031 -1.532616 0.667348 -1.242007 0.385661 -0.508969 0.891831 1.455108 -2.711313 -1.223535 -1.566007 -1.697812 0.540470 0.087093
spat 0.111612 0.818493 1.899860 -0.543826 0.901057 0.113893 -0.489018 -1.446589 -1.205184 -0.337442 -2.827082 0.182926 -0.066648 0.902295 -0.032221 -2.419954 -0.529044 -0.539094 -1.075883 -0.194752 1.023686 1.098728 1.074908 -0.205603 -0.454396 -0.235461 0.324530 2.115241 0.395251 0.082798 1.200258 -0.386911 -0.624895 0.820091 0.907480 0.780419 0.141567 0.523872 0.872844 -1.343669 -1.643068 0.328454 -0.315110 0.399296 -1.349172 -1.016230 -0.518017 0.417942 0.840244 0.485396
like 0.518468 -0.501666 -2.136521 -0.532778 -1.130506 0.254833 -0.478519 1.482868 1.267592 0.477505 -0.391884 -1.455998 -0.085742 -0.477110 -0.432789 -0.706022 -2.048679 -0.415122 -0.296655 -1.065178 -0.034002 0.811638 0.805812 0.977719 0.485264 -0.049840 -1.040115 -1.577973 -0.180258 0.302074 0.402504 0.166154 -2.129714 1.025869 -0.678699 0.645738 -0.636677 -1.136992 1.930217 0.579825 -1.135678 1.106748 0.652984 0.085204 0.095463 -0.419392 -0.298625 -0.081043 0.408982 0.258493
venom 1.034399 0.735717 1.948506 -0.082111 0.787823 0.588759 1.619353 0.271728 0.531102 -2.402383 -0.469096 0.109312 -0.347952 -0.456622 0.125379 -2.138446 4.092007 0.668137 -0.187893 0.466622 0.061009 0.800107 1.097495 0.920609 1.875455 -0.359903 -0.991368 0.466270 -0.624833 -0.522794 0.444000 -0.615564 -0.516684 0.668927 -0.180060 0.427547 -0.809323 -0.652038 0.352386 -0.365207 -0.262641 0.705047 -0.908358 0.346254 -0.138357 0.936557 -1.235681 0.030993 -0.233428 0.647434
daggers -2.432744 -0.837692 -1.794198 -0.223582 0.979851 -0.511162 -0.309295 0.403117 3.289553 -0.243888 -1.014296 0.283025 0.147907 -0.667822 -0.593492 0.782208 -0.206368 -2.702712 -2.091025 1.043823 -1.209582 0.442495 -0.035233 2.240120 -0.247347 -0.596033 -1.583769 -0.153011 -0.156017 0.357973 -2.025345 0.221773 -1.357039 -1.793089 2.637347 -0.250568 -0.339655 0.022210 -0.388155 -0.492832 1.009169 -0.696750 1.360341 -1.288998 0.065494 -0.086820 0.612791 -0.910262 1.138671 -0.101177
scorn -0.225175 0.105797 -2.262175 0.726515 -0.212332 0.510896 1.480160 0.220933 1.070985 -1.389310 -0.190865 0.420833 0.751541 1.279750 0.323950 -0.361552 1.519980 -0.636904 -2.087525 -0.485535 -0.009771 0.343511 -0.471988 -0.004130 -0.356346 1.701359 0.076982 -1.900228 -0.749487 -0.315780 -0.031171 -0.230150 0.589507 -1.650594 0.055957 -1.542208 -0.028979 -1.236964 -0.441129 -0.120157 0.551509 0.733251 -0.338589 0.116320 -0.507503 -1.620720 1.636637 0.759287 0.642461 1.108617
piercing 1.242235 0.628946 -0.342465 -0.823827 -0.759181 1.274154 1.087797 -1.791159 -0.150341 0.178625 1.381502 -0.077585 0.687589 0.474152 1.737639 -1.073601 0.060440 -0.111984 0.130922 -1.731476 -0.103971 0.546503 0.095052 1.078592 -0.912358 -0.319987 -1.889247 0.224683 0.301356 -0.280176 0.904811 -0.347528 2.330871 -0.742446 1.441923 0.006508 0.168927 0.820859 -0.414317 1.377900 1.135410 1.408448 0.169792 2.023296 0.487587 -0.015055 1.530030 -0.153954 -1.683170 0.506928
seething -0.671108 0.411293 -1.564378 1.204419 0.460743 -0.237522 -2.431162 -0.339852 1.564743 2.156565 0.861346 -0.882634 0.727020 -0.969876 2.432906 0.287411 -0.224243 -0.011177 -0.605135 2.789209 2.026852 0.183780 -1.697460 1.931192 0.567478 -0.914252 -0.395974 0.754940 -1.651122 -3.129345 -0.127027 -0.652765 -1.070797 -0.836071 -1.493730 -0.383667 2.173966 0.424122 -0.465405 0.082993 -1.134151 1.467800 -0.498480 1.615687 -0.926741 -0.405719 -0.252095 -0.279837 0.051263 1.109442
hatred 0.638795 -0.494585 0.258964 -0.301422 1.930536 -0.363642 -1.484076 1.358602 0.248203 -0.646164 0.097018 0.206547 2.863798 -1.297870 1.189279 0.832432 -1.570215 -0.028246 -0.703051 1.438102 -0.693773 -0.663405 -0.598956 2.016465 -0.104057 0.214628 -1.447497 -0.315614 0.325662 1.465715 1.250932 -0.780043 0.479341 -1.475005 -0.341601 -1.694554 -0.987919 0.814226 -0.394872 -0.062204 -0.572660 0.881450 1.390084 -0.200441 0.873589 0.503503 0.075554 0.414925 0.670970 0.156135
giggles 0.161108 0.311453 -0.755492 -0.055840 -1.344015 -0.438745 0.151692 0.116878 -0.942601 1.286518 1.235746 0.311434 -0.603837 -1.031294 1.618305 0.503758 1.470397 2.499975 -1.988843 -1.401272 -1.252071 0.658689 0.342175 0.947603 -2.940116 0.262544 1.338411 0.537774 -1.485143 -0.915403 -0.884236 2.375333 -0.203802 0.946147 0.611040 0.616032 -0.941773 0.220826 0.355781 0.818665 -0.725485 1.838547 0.222293 -0.588318 1.434297 0.246475 -1.037919 0.517853 0.991596 1.014874
fill -0.520555 0.189429 0.171818 -1.126303 0.031006 1.120938 -0.774499 0.124552 -1.186063 2.223806 0.922349 0.471752 -0.157198 1.135484 -1.193593 -0.548559 -0.905508 1.091156 -0.012834 -0.602521 1.480747 -0.131193 1.011404 0.076692 -0.261691 2.020643 0.475875 0.170507 1.103519 0.207276 0.685824 0.118127 -1.749086 -0.001319 0.415967 -0.602351 0.402913 -0.262648 0.001954 2.097031 0.273685 0.883095 -1.792952 -0.319547 -0.801664 -0.594722 -0.065961 -1.994368 -0.034643 0.084061
air -0.462255 0.560207 -0.783033 -0.905427 -1.539802 -0.354432 0.341575 0.753746 -0.752142 -1.262962 0.917661 0.364806 -1.443264 -0.469929 -0.742993 -0.236813 0.072584 -0.737625 0.801625 -1.519939 -1.948826 0.658050 -0.028079 0.201739 -0.803542 -0.274896 -0.255331 0.954469 1.104245 0.206742 1.893679 -1.033478 2.605765 0.219150 -0.413578 0.879755 2.169945 1.505136 0.685846 -0.281173 0.311714 -0.303296 -1.388933 0.400183 -0.823244 0.791034 0.576503 -0.788062 -1.146840 -0.118843
friends 1.127027 0.366138 -0.503036 0.344655 -1.167303 -3.233397 -0.350992 0.305945 0.924563 1.212236 -0.165294 -1.175165 -0.242956 -0.334638 0.428469 -0.651514 -0.293154 -0.279501 -0.446271 0.276377 0.174087 0.062353 -1.121207 -1.734357 -0.163070 -1.285008 -0.360188 0.711710 -2.414332 0.773009 0.240841 -0.525911 -1.655000 -0.177888 0.955782 -1.830459 0.985735 -1.122094 0.080603 0.499322 -0.487578 1.888422 -0.192431 0.478285 0.968313 1.205533 1.859102 -1.040206 0.721490 -0.416527
skipping -1.666832 -1.643461 0.916310 1.220460 0.038269 -1.666710 -0.717876 -0.653413 -1.308865 0.912978 1.140821 -0.764433 0.628282 -0.367993 -1.759604 -1.886919 0.453451 -0.737514 1.748426 -0.650317 0.163292 -1.132588 1.375190 -0.982355 -0.866038 -0.692121 0.589698 -1.909652 1.759619 -0.004568 0.590420 1.822983 -2.575698 -0.486932 -0.338747 -1.862974 -0.096340 1.860363 -0.341057 -0.242224 0.015934 -0.828828 0.637078 0.193925 -1.508716 0.909058 -0.177183 -0.767766 -0.961899 1.256176
hand -0.627183 1.382259 0.121184 1.554584 0.022981 -0.386257 1.488885 -0.496805 1.464989 -0.945801 0.513440 -0.694351 -0.632854 0.246871 0.710702 -1.326663 1.133576 -0.390420 0.088282 0.994532 0.926252 0.844758 -0.000979 0.618356 -0.280246 0.943187 -1.473176 1.089476 0.496808 0.536827 -0.198641 -0.154176 -0.429191 -0.720252 1.310693 -3.308320 0.096839 0.048257 -0.502084 -0.377556 -0.343980 0.508261 0.165752 -0.730736 -1.509174 0.567930 0.019373 0.209060 0.194452 -0.670596
endless -0.156873 -0.616201 2.811383 1.888466 0.218596 0.789608 -0.834689 0.757116 0.523749 -1.623931 -0.560504 0.577124 1.077274 -0.133670 0.312281 -0.118220 -0.923411 -0.678496 0.524295 -0.521853 0.045118 1.113773 0.115808 -1.393596 1.661677 -2.292822 -0.748334 -1.419031 -1.136128 0.671002 -0.922257 -0.626703 -0.387037 0.397868 -0.345737 -0.290358 -0.029145 -0.942124 1.899762 -1.010533 -1.751374 0.057884 -1.815105 -2.383412 -0.563992 -0.086689 0.311610 -0.879807 0.815478 1.040042
smiles -0.946526 -0.263047 0.344915 -0.376031 -0.438681 -1.063253 0.890296 -0.399966 -0.151313 0.995644 0.772507 0.942132 -0.023661 0.678101 -0.486806 -1.049916 -1.439945 0.084160 -1.164304 1.751301 0.211046 -1.113832 -0.161926 -1.164440 -0.316568 -0.045138 -0.350717 0.209462 0.203391 -1.829015 0.227028 -2.339275 0.278135 0.179997 0.076683 -0.595347 1.157634 -0.271504 -0.683992 1.494373 0.960624 -1.199595 -0.118978 2.322552 0.059142 0.607347 0.644276 0.575284 0.389285 0.350909
blooming -0.646780 0.870659 0.790757 -0.799380 -1.114926 1.454162 -2.038418 -2.404265 0.624929 0.071174 0.011803 -0.439202 0.033370 -0.423323 -1.107288 0.141217 0.532395 -0.290418 -0.040127 0.256001 -0.050119 2.851634 1.142883 1.356222 2.078750 1.802161 1.092342 1.879037 -0.433387 -1.828830 0.093946 -0.686144 1.163384 0.797481 0.597410 -0.040303 1.429042 -0.445858 -0.523912 1.652517 2.732422 1.094388 -0.251441 0.993230 -0.350446 1.474206 0.852832 2.608251 -1.772558 -0.808120
memories -1.330977 1.359800 -0.393350 -0.148233 1.022302 0.716975 -0.393160 -0.969909 -1.868285 -1.364878 1.759262 1.202417 0.109157 0.137670 0.829940 0.124892 -1.770894 -0.553768 -0.154834 0.647770 0.042133 -0.564344 2.139318 -1.416083 1.643490 -0.644386 -0.269834 -1.880574 0.036843 -0.946579 1.143197 -0.149697 0.655090 -0.848582 -0.501460 -0.119046 1.814037 -0.183939 2.542674 0.324849 -0.187156 -0.317955 -0.589715 0.177606 1.342239 1.180904 1.043036 -0.882805 -0.120180 -1.059203
haunt -0.492278 1.325694 -0.702695 -0.014109 -0.876008 -0.413275 1.997389 -0.100409 0.523188 0.243012 0.994361 0.237820 -0.954014 -0.581199 1.150984 0.220174 1.183208 -1.043560 0.060885 -1.046533 -0.624820 -0.178528 1.791975 0.789087 -0.012038 0.321106 -1.059013 -0.293205 0.566134 0.462128 -1.397430 -1.706238 -0.508949 -0.351479 -0.117676 0.788064 0.020337 -0.474532 0.443081 1.046096 -0.340046 1.085444 0.893297 -0.249686 -0.432243 0.502402 0.888133 -1.150430 0.331181 0.056971
whispers -0.992232 -0.597932 -0.033322 1.165425 -1.399290 0.736563 0.802950 0.508900 0.304179 -1.007277 1.064667 -0.644290 -2.343524 -0.533925 2.795904 -0.880350 -0.745156 1.243634 -2.387337 0.359266 0.317409 0.106015 0.342060 2.196136 1.667374 -0.694305 1.480583 -0.080359 -0.856038 0.702750 0.045211 -0.327197 -0.190883 -1.264299 1.398777 -0.086941 -0.899394 -1.237747 0.255726 -0.065377 -0.667253 -1.404685 -1.726419 0.288697 0.273605 -0.580721 0.817764 -0.169290 0.470431 -0.710803
loss 0.867870 -0.860223 -2.173935 0.649196 -0.520797 -2.171992 -0.804012 -1.532586 -0.511206 1.248765 0.531530 0.274921 -0.608961 -0.918142 0.713172 -2.736620 -0.673750 -2.411761 -0.346386 0.267627 0.271625 0.251323 0.191794 -0.628267 -1.339901 -0.681015 -1.607847 1.114287 0.469271 1.327591 0.059831 0.092084 0.845469 -0.015653 -0.581742 -1.758625 0.049950 -0.004774 -0.179562 1.191325 -1.105705 0.410008 -0.103481 1.009714 -0.728542 -0.018994 2.684319 -1.574299 -0.655622 -0.111989
emptiness -0.793555 -0.036012 0.845960 0.582094 0.724388 -0.769523 0.602801 0.238511 0.913596 -0.182841 0.761301 0.046752 0.686214 -0.152829 -0.065704 1.775494 -1.361840 0.635592 -0.644165 1.571437 -1.771232 0.860950 0.730899 -0.762104 -2.545875 1.476796 -1.242527 0.507356 -0.799894 0.392830 0.231004 0.292548 -0.244732 -0.010168 0.481373 1.087400 0.638410 -0.941174 -0.153910 0.896862 -0.278849 -2.857779 -0.048338 -1.183432 0.939461 -0.291478 -0.270421 1.772712 -0.738812 -1.064462
consumes -1.563173 1.300101 -1.590462 -0.782909 -0.860859 0.837504 -0.114984 0.082315 0.289447 0.334652 1.448982 0.629938 2.009672 0.782123 -0.271313 0.606378 -0.063230 0.371796 0.776243 -0.253890 0.913037 -1.777364 0.806835 -0.435606 0.273524 -1.275630 1.762476 0.307586 -0.846865 0.239336 -0.536869 0.270866 0.652438 -0.730821 -0.961582 0.553412 -0.173047 0.387674 -0.164071 -0.256620 1.140611 1.047633 -1.046382 0.886434 -0.203127 0.476768 -0.210328 -0.340484 0.779939 1.380265
The -1.227716 0.074301 1.296392 0.980120 -0.090401 -1.300628 -1.269181 0.149346 -1.515029 0.115016 0.992521 1.617394 -1.594885 -0.630047 0.798048 -0.198894 -0.512083 1.220846 -0.044786 -0.031845 -0.313410 -1.759402 1.192189 -0.488078 1.969497 -0.640919 0.609776 0.852411 0.383411 -0.512164 0.389423 -0.636813 -1.197334 0.391285 -0.661145 0.161992 -2.616084 -0.572356 0.121990 1.874426 0.684160 -1.168691 -0.215905 1.571444 -0.450604 -1.954178 0.847151 -0.258495 -1.622971 0.207263
meeting 0.513179 -1.243930 0.213577 -0.442435 0.590577 0.683390 -1.114466 -0.671695 0.735449 0.254717 -1.439523 -1.526627 0.761147 1.816770 -1.194785 1.745680 0.831929 0.461287 0.800762 0.463579 -0.677404 -0.511001 1.292937 0.844279 0.071506 1.397028 -0.643420 1.506122 0.492429 -0.415882 0.637810 1.052729 0.558742 1.777792 2.129258 1.093644 -0.025686 -0.324056 -0.537513 0.383987 -1.446351 -1.889341 -0.438265 -1.848626 -0.344457 0.184282 -2.058341 0.638692 -0.443148 0.603408
scheduled 0.221689 -0.261796 0.141744 -0.718412 1.495515 -0.355011 -0.935015 1.518623 -0.943074 -0.548194 -0.032070 0.089337 1.527331 -0.520389 -2.042404 -0.241784 0.339512 0.140976 0.378164 -0.693770 1.289787 1.959272 -0.093209 -0.874906 1.159105 -0.247143 0.035047 1.541477 -0.201303 2.175000 -1.186690 -1.756749 -0.369523 -0.886999 -2.043848 -1.385522 -0.518350 -1.096533 -0.442375 -0.123931 -0.070739 1.072319 0.384170 0.981600 -0.273308 0.345031 -0.036020 -2.384879 -0.711515 1.664228
for -1.180225 0.075950 -1.029622 0.471105 0.545877 0.492758 -0.474481 -1.286923 -1.955277 0.887230 0.365193 -0.287426 -0.397168 -1.511103 -0.272060 -0.479781 0.091835 1.632276 -0.027567 0.335558 -0.306462 1.731809 -0.785654 -2.481776 -2.657249 -0.527464 1.066817 -2.069447 0.554592 0.602618 -0.746875 0.186224 -0.331274 1.432103 0.039714 1.214424 -1.256011 0.930028 1.035030 -0.277779 -0.126756 -0.129573 1.107420 2.169700 -1.289978 0.369128 -0.702171 0.216296 1.250064 -1.664696
2pm 0.853441 0.416737 0.671317 -0.263346 1.341978 -0.618594 -0.226018 0.325732 1.194523 -0.378803 -0.058411 1.228783 -1.457690 -0.672656 1.653475 0.107429 0.757353 -0.068774 -0.832943 -0.461110 1.843165 -0.208609 -0.620724 0.228056 1.269937 -0.054732 1.267450 0.824723 -2.195035 -0.200825 -2.218361 -0.082902 -0.280438 -0.604210 -0.054453 0.673865 -0.097691 0.070601 2.004204 0.432414 -0.033386 0.104222 1.349063 0.043220 0.191901 -0.847687 0.202608 0.716947 1.592218 -0.297530
today -0.547206 1.837923 0.897072 1.884910 -0.406948 -0.309582 0.275009 -0.114410 -1.183796 -1.215996 1.804971 1.036507 0.646872 -1.199414 -0.646327 -0.834951 -0.275275 -0.035673 0.240213 1.192512 -1.964037 -1.285155 0.069632 1.407155 0.864218 0.803640 -1.100235 0.255930 1.582971 0.023093 -1.346820 0.610439 1.247302 -1.333842 -0.228510 0.186468 -0.268899 -0.210189 0.123957 -0.098399 0.083180 0.287551 -0.690728 -0.255176 -1.641914 -1.668038 0.139109 1.105545 0.023145 0.066887
dreams -0.105814 0.468375 -0.853565 2.344754 -0.796841 1.061847 -0.533571 -0.831814 1.137125 -0.236025 -1.686241 -0.743505 -0.903010 -0.075513 -0.061694 -0.705465 -0.537108 -0.997565 -0.292459 0.164073 1.201875 1.233358 -1.182766 -0.685669 0.290297 0.528628 -1.552291 -0.011628 0.195699 0.731498 0.512509 0.148564 0.421814 0.110085 -0.752137 0.555014 1.209636 0.162118 -0.913806 -1.808055 -1.721599 0.334559 0.503569 -1.259582 -1.768173 -0.858973 -0.803438 1.164011 0.404342 0.485169
soar -0.344001 0.295969 -0.370083 0.053063 1.263624 -0.265652 1.099222 0.457469 -1.082462 0.775739 0.419750 0.440290 -0.028286 0.697762 0.868921 -1.658207 0.944775 -0.288506 -0.272620 0.428576 0.175492 -1.110629 -0.398340 1.064138 2.477561 -0.220404 -0.445368 -0.158755 -0.791704 -0.368875 -0.690686 -0.929679 -0.217255 -0.670444 2.059625 0.679104 0.279107 0.935316 0.531949 -1.614461 -1.505566 -0.686642 -0.725000 0.071570 -0.392969 1.390821 -1.068091 -1.484694 -1.745565 -0.406325
high 0.530504 -0.028186 0.372760 -0.881263 1.150622 -2.227116 -1.770449 -0.313027 -0.836441 0.533694 0.090637 -0.716257 1.420735 0.770616 -1.441178 2.580183 0.513915 -0.260750 -0.296541 0.267920 -0.864524 2.091259 -2.103224 0.996923 0.249969 -0.502366 -0.551394 -0.122211 0.691739 0.940817 -0.514625 0.539551 -0.601388 -0.187692 -0.410039 0.510307 0.203863 -0.414339 -0.867959 -1.121594 1.294812 -1.856082 0.976997 0.707060 0.366044 -2.266693 -0.198622 -0.414877 -0.052566 0.636634
beat -0.713719 1.149083 1.056962 -0.339669 -0.312978 -0.693370 -1.005800 1.179775 -0.690986 1.065980 -0.868444 -0.442552 -0.408345 -0.793740 -0.451952 1.544681 0.795346 0.110737 -1.218800 -0.495206 -0.307697 1.283578 -0.635869 -0.510493 0.424389 1.525821 -0.611465 1.615775 -0.023439 -1.903492 0.157185 -0.499571 -0.603952 -0.061483 1.486556 -0.187448 -0.282283 -0.202970 1.974619 0.389211 0.629495 0.146863 1.678303 0.913212 0.070114 0.577310 0.159454 -0.719852 -0.152599 0.656814
harmony 0.024636 0.184889 -1.022355 -0.192775 0.689957 -0.195322 0.289896 -1.318522 0.899640 1.477194 -1.206820 0.079174 -0.092727 -0.176458 0.179206 1.058560 -0.944452 0.935331 2.234817 0.436537 0.542484 0.785713 2.356620 0.745981 -0.159855 1.124769 0.921687 1.515782 -0.245214 -0.444924 1.639008 0.829607 -1.350761 0.091655 0.547189 -1.192317 -0.501865 -1.212369 1.061327 0.344347 -0.812940 0.486412 0.211639 -0.676169 -0.551401 2.244897 0.352987 0.801032 -0.256402 -0.790774
love's 0.385948 0.104278 2.167035 0.148860 -1.577372 0.819827 -0.256600 1.199021 0.451547 1.184096 0.339012 0.200132 -1.403088 -0.904718 0.869018 0.599220 0.814338 -0.549975 0.554272 0.521427 -0.022488 0.927544 1.351214 -0.818323 -0.545109 0.963991 0.400580 -0.603249 0.377782 0.603033 -0.085385 -0.348409 -0.979365 -0.176930 -0.763252 0.015276 0.149821 0.516505 0.435936 0.413488 1.228004 1.716652 -0.565661 0.007710 0.521528 0.024244 0.622576 0.980876 -2.216756 0.291194
warmth -1.547745 1.086028 -0.151837 -1.439677 -0.282511 -0.754281 0.476628 -0.066364 0.219389 0.064868 -0.366403 -2.745663 -1.855715 -0.282778 0.843491 -1.190012 -0.136885 0.921441 0.186347 0.422171 0.200090 1.458272 0.429552 -0.272515 -1.671149 -0.065146 -1.510854 -0.370446 -1.869711 -0.626663 -2.301419 -0.474336 -0.472379 -0.688345 -1.252004 -0.152021 0.368123 0.651025 1.583014 0.198484 -0.430591 2.281561 -0.482971 1.506731 2.185576 0.380446 -0.734906 -2.722844 -0.596184 -2.027903
surrounds -0.901401 0.346558 0.475843 -0.389503 0.626060 0.245272 1.278483 -0.080060 -1.700049 -1.630511 -2.955001 -1.418577 0.007541 -0.733882 -0.253472 -1.532649 -0.509259 -0.698938 -0.671956 -0.675028 -0.114382 0.979991 2.003017 0.270378 1.024378 -0.123941 0.925278 -1.386428 0.279201 -0.678015 0.044826 1.461882 -1.468010 -0.979421 -1.147776 -1.373353 0.340129 -0.943657 0.621551 0.262123 0.178130 -0.632225 1.156169 -1.257676 -2.514518 -0.639165 -1.499316 -0.475751 0.495294 -0.910249
shattered -0.305491 0.869902 -0.662655 0.867240 0.202666 -0.709150 -0.090160 0.243573 0.627570 0.361008 0.859442 0.230084 -0.426346 -0.300573 -0.125327 0.515751 0.126236 -0.190418 -1.590654 0.399743 -0.591044 -1.256687 -0.625686 -0.960369 -0.170066 0.625653 -0.019578 0.113526 -1.865032 0.243040 0.330147 0.767841 0.787407 -0.362295 -0.298120 -1.875202 -0.530247 -0.250991 -1.381053 1.162704 0.784747 -0.022394 -0.079522 0.466268 -0.942047 -0.379981 0.395326 1.434279 1.317017 -1.240163
hopes -0.595617 -0.591894 -0.797436 1.116640 0.377256 -1.697874 -0.266463 0.575306 1.301618 -0.180886 -0.072272 0.615214 1.934489 1.323683 0.004874 -1.337334 -0.625117 -1.593931 1.447223 1.122725 0.595592 1.488578 0.776171 0.049506 -0.256492 -0.241643 -0.139406 -1.745378 -0.775399 1.389739 -0.647145 -0.448841 0.142858 0.844661 0.128366 0.246116 1.006234 0.496353 0.056713 0.816486 -0.981978 3.056868 -0.153949 -0.657268 -0.085925 0.902800 -2.183805 -0.334845 -0.171704 0.350692
fade -0.563387 -0.887949 0.339818 -0.272956 -0.466358 -1.362081 0.619782 -0.705401 -1.530274 1.758156 1.350100 0.717705 0.874949 -0.293453 -1.010136 0.523249 1.701536 -0.175348 -0.081201 0.822823 -0.308178 -0.822972 0.129485 -0.919654 1.158787 0.057622 -0.750835 0.821819 -1.539851 -2.087511 1.088019 -0.190304 -0.274295 1.014393 -0.910364 -0.789436 -0.380336 0.313846 0.185829 -1.471713 -0.206302 0.313337 0.585139 1.343163 -0.494184 0.421099 -0.040784 -1.256381 -2.062861 -0.745169
darkness -0.400156 0.918823 -0.372802 -0.800845 -1.237102 1.289458 0.626709 0.088646 -1.098734 -1.366904 0.637071 -0.020979 -0.213416 -1.491761 -1.017460 -0.281677 -0.784368 0.459929 -1.201772 -0.328474 0.237079 0.444330 0.075891 0.743243 0.445009 0.487371 -0.226668 2.328333 1.635357 -0.378200 1.385836 0.005881 0.259000 0.480497 -3.101750 -0.285676 -0.533620 0.184323 1.295756 0.381294 -1.507512 0.549525 -0.113578 0.056444 0.307070 -0.765295 -0.442709 -0.580456 -0.975000 2.067641
descends -1.267699 -0.038337 0.504093 0.329290 0.448756 -0.268809 -1.248583 1.737098 0.455302 0.576730 0.873672 -0.229119 -0.815861 -0.313797 0.398928 0.712024 -1.009770 0.591508 0.032785 0.758609 -1.969206 -0.279115 -0.110141 -0.038858 0.940643 -0.155381 3.054165 -2.218074 -0.822020 -0.106945 0.256260 0.291328 1.504217 0.212091 -0.077459 -1.686589 0.155762 1.163567 1.351847 -0.944810 -0.292349 0.130291 0.409530 1.783430 0.297677 -0.155054 -1.215988 -0.243381 -2.171976 0.357940
betrayal -1.642712 -0.754534 -0.495995 -0.426878 -1.742272 0.745484 -1.111143 -0.114837 -0.101493 -0.094657 -0.466470 -1.758941 -1.248551 -1.671671 1.171491 -0.821544 0.128238 -0.801104 -0.926510 0.962456 -0.892265 -0.006146 -1.495880 1.199369 0.079198 0.881509 -1.055877 -0.834666 0.176023 0.916940 -1.359704 -1.823223 -0.960901 1.254453 -0.148694 0.598871 -1.674619 2.861743 1.976611 -0.751052 0.471878 -0.576713 0.852268 2.844777 1.211573 1.485608 0.016321 1.205510 1.130768 -1.850243
burns -0.449884 1.079222 -0.595582 -1.683761 -0.501195 0.322790 -1.175599 -0.348368 0.133584 -0.803922 0.871231 -2.392758 -0.569529 -0.117346 -0.563728 0.478376 0.423941 -0.606541 0.076776 -0.583921 1.765365 -0.587863 -0.134517 0.726923 1.083016 -0.591748 -0.499964 0.179394 0.013624 -0.194534 0.192312 0.206782 -0.225650 -0.641710 1.029931 1.102739 -0.171823 -1.369817 -0.501816 -0.999257 -1.024603 -0.778319 -1.421484 -1.675797 -0.467670 -0.652154 -0.980502 -0.652520 -0.506726 -1.535258
deep 0.014917 0.537448 -0.526118 1.343897 -0.169707 -0.342762 -1.359165 1.419860 -1.423463 -0.491644 -0.126687 -1.409852 -0.262859 -1.249064 -0.356680 -1.179100 0.173354 -0.767046 0.327955 -0.504565 -0.500908 -0.968651 -0.311633 -0.197582 0.378061 1.269328 -0.925814 0.534932 -0.605279 1.309619 -1.085568 1.049870 0.580670 1.028571 -0.575781 1.059597 0.431361 -0.483260 0.879625 -0.130645 1.309106 -0.602445 -0.435711 0.519054 -2.206118 -0.416980 0.182504 -0.022975 -0.141290 0.402113
trust 0.593221 -0.762440 0.301898 -1.138311 -1.243978 1.693609 -0.319265 -1.209692 0.580949 1.421517 0.852241 0.292402 0.206197 2.781085 0.323994 0.362223 -0.728983 0.321622 0.382886 -0.406824 -0.203048 -0.438039 0.199646 0.437082 -0.279141 -0.017126 -0.204620 -1.457088 -0.509984 0.253314 0.704775 -0.175587 -1.583526 -0.868378 0.085411 0.383623 -0.698378 2.170421 -0.849523 0.373081 -1.049710 1.578317 -0.295632 -1.251353 0.851939 0.441246 -0.402830 -0.320478 -0.144994 0.807499
a 0.061385 0.471090 -0.146627 1.367186 0.786944 1.033415 0.776336 0.699664 0.430547 -1.140128 3.154974 -0.527905 0.806753 -0.639855 0.210252 -0.602182 1.445853 -1.250980 -0.338328 -0.017632 -1.846516 -0.041803 0.930655 -1.219674 0.994721 0.427079 -0.916579 -0.535123 1.464850 0.339766 1.728037 0.152044 -0.595743 0.050225 0.392076 0.642643 0.933496 -0.863765 1.235311 -0.359849 1.435975 -0.261152 -1.824390 0.486758 -0.855502 0.294879 -1.687547 1.821242 1.080222 -0.172880
tempest -0.660823 1.154966 0.583427 -1.665492 -1.477761 2.322748 1.002719 1.504270 -2.160817 0.485597 -0.156209 -0.138517 -1.648987 -0.319209 -0.036935 0.309966 0.866439 2.446011 -0.667876 -0.240333 0.407956 0.829569 -0.516153 -0.162885 1.391928 -0.049594 -0.279967 0.455388 0.154963 0.287432 1.222134 -0.514323 0.900064 2.890281 0.897759 -1.584552 0.766813 -0.357420 -0.279962 1.157425 1.472291 -0.023840 0.982286 -0.313270 -0.298546 1.331962 -0.198312 -0.683609 -1.608801 0.120408
unleashed -1.820277 -0.466174 0.932755 -0.856517 -0.312620 -1.663096 0.031076 -0.205365 -1.022839 1.019867 -0.600393 -0.734269 1.225769 0.395765 -0.491722 0.284161 0.042223 0.147552 0.367600 0.503428 -0.557522 -0.981995 -0.207393 -0.076841 -0.230353 0.883826 -0.441422 -1.319365 -0.396394 0.131070 0.067620 0.756361 0.615003 0.472172 0.482446 1.274820 0.139501 0.079428 0.657814 0.922890 -2.132790 0.176278 -0.167098 -0.758579 1.819973 1.029958 1.709444 -1.116611 1.035107 -0.250469
table -1.652351 -0.328127 0.307741 0.480298 -0.288470 1.254052 -0.734378 0.300555 -0.640752 -1.018159 1.161640 -0.532303 0.810717 -0.062283 0.729971 -1.281564 -1.390965 -0.023820 0.260677 1.461570 0.641969 1.566308 1.170116 -0.700997 0.067465 -1.151613 -1.077951 0.513356 0.276542 0.481797 0.396727 -0.541817 -0.453809 0.118383 1.161837 0.229610 -0.298509 -0.291064 0.161204 -1.861134 0.924126 0.653013 1.083466 -0.127733 1.322091 -0.259401 0.145076 1.116980 0.906249 -0.491609
has -0.700208 1.130277 0.736626 1.335181 -0.740605 -0.734451 -1.057713 1.520946 -2.481203 1.595500 -0.304324 2.095637 -1.680916 -0.845300 -1.434811 0.464056 -0.325990 1.716248 0.384288 -0.076394 1.108552 -1.159143 -0.356917 0.585703 -0.488691 -0.843339 -1.536341 0.139624 -0.750807 -0.917117 0.600962 0.227891 -0.204392 -0.322744 1.400796 0.393483 0.760290 0.260536 -1.137567 -0.070796 0.958689 -0.088349 0.087959 -0.944573 0.870362 0.680725 -1.465345 1.622908 1.644762 0.932010
four 2.126605 -0.654071 -0.421555 -0.285288 0.706678 0.606396 -1.147584 1.079541 0.477671 -0.423165 -0.020167 -1.752770 0.633157 1.103927 -2.313864 1.018843 0.367919 0.050586 -0.206225 -0.263274 0.483748 0.094762 0.118071 -0.160523 1.566897 1.399546 0.682613 -0.569266 0.471227 -0.529507 -0.495674 -0.509936 1.111468 0.525568 -0.624735 -1.240264 1.034488 0.243452 -0.257243 0.743614 -1.240404 -0.777071 -0.711505 1.076697 -0.723065 0.906194 0.862834 -1.574327 0.291277 -0.352756
legs 0.122776 -0.843296 -0.942001 0.030396 1.096419 -1.333603 -2.226019 0.287970 -0.027626 0.786237 -1.364792 0.054750 0.080696 -0.633314 0.390377 -0.712816 0.332354 -1.525134 -1.001359 -0.876884 -1.426471 -0.001609 -0.414449 -0.957537 0.334685 0.657178 -1.630303 0.915974 -0.678400 -0.826006 0.841538 0.099114 -0.426167 0.386423 -0.488747 -0.219974 0.564873 -0.952932 -0.674392 -0.018382 1.466618 -1.309310 -0.168748 -0.080571 0.599674 -0.013593 1.952248 1.158748 0.129150 0.023513
alone 0.047244 0.309554 0.265146 0.405879 3.142581 -0.090481 -0.766902 0.022340 -0.152443 1.866926 -1.859190 0.026252 -0.359200 -0.545738 0.708303 -1.649049 -0.334772 -1.815840 1.020233 -0.447501 0.576649 1.257206 0.398874 0.960060 0.471728 -1.425739 -0.997905 -0.456574 0.289148 -0.227672 0.444256 -0.691134 0.835940 -0.040214 -0.459932 0.203480 0.170146 0.231344 1.000804 -0.531040 -1.701012 -0.119344 0.443776 1.534699 -1.064139 -2.931600 0.430515 0.277051 -0.502727 -0.933355
silence 1.140096 0.642441 -0.541554 0.260093 -0.036853 -1.731211 0.643720 -1.550389 -0.072885 0.104620 0.201143 -1.158218 -0.063419 0.280251 1.562783 0.765814 -0.160470 1.486677 0.730721 -1.054766 -1.937575 -0.573820 -1.917934 0.254362 0.941097 0.469330 1.015918 1.228137 0.331028 2.286739 -1.569554 0.314748 0.169229 0.206990 -2.464264 1.690204 1.402591 0.227487 -0.530372 -1.170468 2.124619 -2.093088 1.574929 0.686683 -1.054823 -1.294486 1.667731 2.358606 -0.318539 0.954371
pain 1.063945 0.932302 0.745669 -0.069850 1.048903 -0.380932 -0.038355 0.428764 0.452404 -0.126431 -0.390695 -0.558946 -0.062956 1.466528 -0.669852 0.049572 -0.503311 -0.142305 -0.637921 0.248067 0.914411 -0.632462 -1.153093 -0.506478 -0.257177 1.295850 -1.129032 -2.105815 1.460849 -0.194356 -0.343233 -0.651408 0.314264 -1.466566 0.095443 2.240458 -0.555918 -0.573153 0.282091 -0.427482 1.036093 0.452801 -0.608767 -0.438970 -0.290692 -0.288394 -0.793238 -1.384397 -0.050984 -0.524972
echoes -0.544037 -0.095550 0.645382 0.730733 1.879400 0.417694 0.862794 -0.886037 0.411185 0.286994 -1.243951 1.167512 0.354119 -0.956981 0.183507 1.058444 1.646487 -0.994235 0.307530 -1.362912 -1.599364 -0.327561 0.486205 1.117242 -0.213036 0.093314 -1.497385 0.116806 -1.234763 -1.810413 -1.218526 0.603672 0.986862 2.330098 -0.138878 0.985326 -0.027682 -1.438595 0.222489 0.227170 -0.823257 0.528613 -1.151389 0.331552 0.257565 -1.152996 -0.995696 0.142657 0.320025 0.067826
aching -0.796186 -1.302771 -0.741552 0.322534 1.065658 0.053948 -0.713974 -0.822457 -0.501882 0.957494 -0.232500 -0.203444 0.475548 0.547548 0.675358 0.811741 0.943329 1.833175 -1.354553 0.961589 0.017698 0.225910 -0.903628 -0.685581 -0.052550 2.378999 -0.744267 -1.360409 -0.154742 -0.194053 -0.089678 -0.323499 -0.580626 0.315714 -1.512029 0.776447 0.042962 0.510026 -0.965777 -0.743934 1.698024 0.276233 -0.229332 -1.874346 -1.176014 -2.224808 -0.395017 -0.440495 -1.040335 -1.441921
souls -0.115249 1.476856 0.907309 0.137116 1.217779 0.937065 0.654259 1.060979 -1.836172 0.031342 0.854313 0.397976 1.523072 1.943896 -0.098558 -0.253121 -0.601249 1.329859 -1.208651 0.897947 -0.693606 -0.366884 -1.188897 2.706016 -0.979904 0.510711 1.695520 -1.265565 -1.362797 -1.191340 1.141322 0.993849 0.892914 -0.201188 0.276395 -1.229286 -0.018214 -1.458360 -0.387656 0.101544 1.484372 -1.957948 -1.427644 0.484396 -0.234167 0.704189 -0.623885 0.718519 0.687540 0.989644
mourn -1.209271 1.571963 -0.074160 0.304050 -0.571453 -0.910855 0.274132 1.300813 0.629742 1.155473 1.232155 0.086607 1.021078 0.091850 -2.095004 0.349885 -0.287990 -1.348802 0.474096 -0.255558 1.323404 2.179622 -0.445845 0.807381 -0.657959 1.669059 0.088734 0.965542 -1.161259 0.532312 1.022033 1.522459 0.870726 -1.352542 -0.406771 -1.301292 0.415174 -0.236955 -1.352362 -0.060944 -0.941785 0.146425 -0.256598 -0.038060 -1.724215 0.026938 -0.004146 -0.202214 -1.401055 0.201371
roaring -0.082276 0.376166 0.078180 -1.465166 2.320846 -0.010092 1.582483 -1.385006 1.017071 -0.881042 0.954244 -0.151381 0.151222 2.208840 -0.380301 1.570561 -0.235896 -1.447833 -0.152089 0.051431 -2.612515 0.360407 1.590837 1.675607 -0.393980 -0.243265 -0.636094 0.395804 1.121184 0.896684 -0.659667 -0.147300 1.597689 1.803981 0.641343 -1.222346 -0.274496 -1.185990 -0.056455 0.611083 -0.774874 -0.277497 -0.592675 0.716085 -0.842944 -0.469664 -0.282854 0.150893 -1.377795 0.489476
thunder -3.066741 0.491157 -0.982390 0.349023 -0.517065 -0.067836 0.504723 0.561850 1.942617 -0.336179 -2.623628 -0.639085 -1.076487 -1.661407 1.815588 -0.711585 1.771576 -0.204434 -1.022473 0.886469 1.171276 0.989021 0.207348 -1.751517 -0.436500 -0.267517 -0.762894 1.596426 -1.240752 0.075027 -1.354062 1.584187 0.365686 0.386952 -0.014209 0.187427 -0.604527 -0.054078 0.084455 0.426779 -0.027691 1.480406 -0.787319 -0.379412 -0.195079 0.850721 -1.851350 -0.549525 1.092625 -0.155097
storm -1.195158 0.367730 0.379881 -1.681102 0.475600 -0.946776 0.746862 -1.730968 -0.385266 1.407497 -0.607001 0.814327 0.128806 0.155945 0.154133 1.276767 0.300929 -2.079307 -0.830198 -0.669142 -0.187183 0.228188 -0.339523 0.675477 -0.409110 -0.516605 -0.295938 0.213638 -0.959887 0.065141 -0.671956 -0.654639 0.001359 -1.175163 0.030752 0.557342 -0.450146 1.085021 0.471613 -0.236290 0.259379 0.591916 0.112079 -0.077304 1.251788 0.211910 0.525826 -0.066617 0.945018 0.544339
clouds 1.051539 0.538646 0.436307 -0.725662 -0.823961 -0.390260 0.005883 0.877022 0.139924 -1.133470 -1.248408 -0.735066 0.376667 -1.031513 -1.222363 0.445460 1.228043 -1.441256 -0.257914 0.444978 0.656474 1.062358 0.627668 0.810479 -0.451821 0.061963 -0.434372 -0.130592 0.613578 -0.212543 0.734807 0.677938 -0.014063 -1.027198 -0.412443 1.099505 0.192769 -0.691099 -1.317929 0.189239 0.328182 0.811051 -1.081278 0.086814 0.525214 1.111222 0.697302 -0.886724 -0.253393 -0.438348
gathering 0.610431 -0.632940 -1.578968 -1.139871 0.049815 -1.493627 1.663872 -0.537299 -0.468780 0.843913 -0.150795 2.346183 0.714061 0.421987 1.477136 -1.238811 2.266673 0.883169 -1.272988 0.303514 0.485461 -1.853264 -0.491685 1.512496 -1.939170 -0.452883 1.170379 -0.742563 -0.297781 -0.185898 1.260736 -0.110441 0.715005 -1.542808 -1.526681 0.430879 -0.194421 -1.294916 0.148201 -0.778752 -1.243200 -0.918509 0.472228 1.388493 -0.076575 -2.784427 0.967775 1.440838 -0.646121 -0.241280
anger's -0.112697 -2.707404 1.587786 -1.683959 0.508519 0.647044 1.332783 0.464897 0.914665 1.047246 -1.041912 -0.977506 0.040461 -0.922402 -0.726365 2.862601 -0.096291 -0.033060 -0.370643 -0.839639 0.005875 -0.057500 0.345459 0.328965 0.114988 -1.371132 -2.855217 0.365167 1.718636 -0.899208 0.024087 -0.418918 -0.940457 -0.421742 0.373490 0.231448 -0.475096 -0.763714 -1.076634 -0.715053 -0.186678 -0.159821 -0.069126 -1.158758 -1.365636 -0.023252 -1.018197 -0.796876 -0.716040 0.722941
raging -1.007457 0.294348 0.627374 0.087046 -0.221278 -1.042821 1.129553 -0.834659 -0.007074 0.868464 -0.952965 -2.073602 0.441530 0.612834 -0.461731 1.353635 0.949428 0.823698 -0.778462 -0.183823 -1.469792 -1.103122 -1.105617 1.004582 0.808417 -0.225537 2.300820 0.715081 -0.129430 -0.966045 1.408848 0.566680 -0.625935 1.741460 0.637269 0.187929 0.739145 -0.456172 0.208454 -1.345197 0.336736 1.378888 0.262038 0.743708 -0.242396 -0.835568 1.915007 -2.114034 -0.480694 0.656197
within 0.468544 -0.702991 1.210320 -1.256585 0.807640 1.690654 -0.097647 1.596917 -1.621440 -0.281685 1.021714 -0.072601 0.398162 0.454121 1.782542 0.874420 0.340439 -1.036586 -0.530493 -1.249070 -0.331745 -0.927164 0.140989 -0.438603 -0.957063 -1.302201 -0.852485 -1.344789 -0.531644 -0.202789 -0.157603 1.161672 0.829218 -0.052036 0.505633 -1.311233 0.476681 0.165506 0.167137 -0.783812 -1.333348 2.808790 -2.854320 -0.032907 -0.734833 -0.270552 -0.519701 1.218968 0.644709 -2.500355
every -0.629070 -0.143218 -0.053660 0.172326 1.270032 0.514810 1.323898 -1.063336 1.388606 -0.133431 -0.906791 1.961879 1.166375 -1.499779 1.201530 0.010920 -1.599301 0.108739 -1.404910 0.819436 -0.325167 0.479364 -1.124493 -0.737658 0.082476 -0.594692 -0.717228 0.693713 2.020845 0.668265 1.429277 -0.698778 -0.448342 -1.539019 0.399376 -1.241842 -0.576978 -0.293731 -0.537299 0.911204 0.200461 1.721902 -2.435663 0.311940 1.625926 -1.387859 -1.425355 0.735058 1.238683 -0.008336
moment 0.352081 0.789081 -1.404611 0.309481 0.201690 -0.364141 0.436253 -0.836608 -0.565150 0.718498 -0.874394 -0.344088 1.782044 0.851533 0.424498 -0.814224 0.256760 -0.479899 0.444072 -0.401404 0.712884 -0.227597 -0.710111 -1.742656 0.812423 -0.601824 -0.393994 -0.833528 -0.301991 -1.078753 0.167665 0.984092 0.580339 -0.829386 -0.460005 1.308491 0.083812 -0.920318 1.194527 -0.686597 0.235128 0.083118 -0.642374 0.028321 -1.516777 -2.361463 -0.999414 1.518507 -1.067395 1.644358
sparkles -2.623872 0.385391 0.606918 0.912113 -0.250762 0.287738 -0.711318 0.278412 0.353248 -3.014311 -0.472155 -0.452398 1.602361 -0.752602 -0.110818 -0.056242 2.163904 0.647613 -0.442993 -2.109970 -0.819857 1.592638 1.592344 -0.133114 -0.332156 -0.681171 0.384864 0.430430 0.104063 0.175471 0.011467 0.091297 0.193741 0.006982 0.160725 0.322308 0.895119 -0.344373 -0.811071 0.880591 0.867511 0.713506 -1.880415 -0.746778 -0.254864 -1.586628 -0.875258 0.780028 -2.332157 1.371128
life's 1.264903 0.487526 -1.042359 1.180001 -0.285782 2.117808 -0.580832 -0.973227 -1.387450 -0.118825 0.928020 -0.583788 0.640414 -0.564979 1.631840 0.398976 -0.506449 -0.512272 1.529656 -0.806899 -0.005662 1.350237 -0.348950 0.738232 -1.837261 -0.525871 -0.548363 -1.215650 -0.038842 0.067574 0.298936 2.121509 0.123654 1.198085 0.363962 -0.221008 -1.192729 -1.016888 -0.066393 -1.743857 0.966673 0.370489 1.887801 -0.786483 0.241938 2.337284 -1.021569 2.207591 -1.091615 -0.847281
symphony -0.632198 -0.580949 0.360042 -1.523858 0.531724 -0.310387 -0.682925 -0.615746 -0.569289 -0.391396 0.842691 1.828974 0.164191 0.458854 0.204919 -0.544520 0.518034 0.528188 -0.548840 -0.259878 -0.555933 1.286956 -0.142471 0.565470 -1.291645 0.684449 0.705481 -0.484422 0.520310 -0.962337 0.106727 -0.305087 -0.368797 0.873751 0.166449 1.364542 -0.106450 -0.174260 1.857043 -0.817283 -0.631644 2.070512 0.630752 -0.193196 -0.217487 -2.044826 -1.076976 -0.713201 -1.086520 -0.565351
happiness 2.788443 -0.107114 -0.779437 -0.137176 0.529822 -0.482963 0.440581 1.272986 -0.208656 1.773208 1.428464 0.763591 0.208323 0.778207 0.691600 1.050908 2.154859 -1.231467 -0.455671 0.616463 -0.437632 0.159604 0.801312 0.347974 -0.123499 -0.862935 -0.879005 0.774128 1.792326 -1.070523 0.180258 -0.118352 0.937414 -0.768290 -0.880624 1.311087 -1.625958 0.461231 0.207328 -0.688483 -0.443782 -1.315692 -0.487563 0.391725 2.483751 -0.009180 -1.678442 -0.288778 -1.364954 0.595204
plays -0.939611 0.590403 0.078341 -0.027676 -0.786232 -1.866075 1.080387 0.130495 -2.522619 1.014131 3.262468 2.217931 -0.706008 -0.270535 0.320815 -0.785476 1.695559 1.608383 0.316669 -0.289910 -0.052455 1.005899 -1.572361 -0.085981 -0.760629 -1.841760 -0.777793 0.838876 -0.382014 -0.379491 0.164366 0.404272 -0.375484 -0.942586 -0.738004 0.938183 -0.401642 -1.561765 -0.501287 -0.858786 0.102054 -0.328630 0.333365 -1.666537 -0.053302 0.410185 2.453709 0.327759 0.217477 0.185855
on 0.426344 -0.972222 1.009025 -0.172516 -2.165229 1.624258 -0.183723 -0.343347 0.869838 0.695307 -1.495951 0.434034 -0.447298 0.089887 -0.442652 1.187439 0.387650 -1.815426 0.537877 1.941894 -0.136320 -0.110176 -0.767262 0.177311 -1.114884 0.420317 0.816222 -1.042474 1.409496 0.731951 -0.444934 0.582506 -0.525772 0.769345 0.795103 -0.165178 -0.545778 -0.517486 2.240210 0.344009 0.824647 0.683550 1.751821 0.171909 -0.135966 -0.219008 -1.123473 0.754821 -2.176804 -1.503289
package -0.467194 -0.325105 1.235183 0.595433 0.459404 -0.887862 1.561108 0.006939 -0.760655 -2.249751 0.612698 -0.237588 -0.474708 0.520505 -0.222001 -0.666231 0.638377 0.439484 -0.682048 -0.980140 -1.030250 0.608762 1.528056 0.310594 -1.770343 -0.863357 -0.499816 -1.701750 -0.529369 -1.623599 -0.204043 0.774250 -0.300503 -0.019559 -0.294541 2.414325 -0.857326 -0.421074 -1.633253 0.098545 -1.171413 1.100844 -0.501371 -0.262229 -1.315678 -0.055038 -0.916888 0.932465 -0.160480 -0.444381
arrived -0.843293 0.886394 -0.064756 0.907947 -1.291944 0.255450 -0.695131 1.367605 0.105649 -1.581986 2.289709 0.075156 1.440904 0.910594 -0.832140 0.877473 0.237967 -0.537202 1.234252 0.600344 -0.310302 -2.176530 -0.489933 -0.861486 1.139856 1.035542 -0.440426 -1.179764 -0.288072 0.467891 -0.726616 0.953853 -1.616897 0.150020 -1.680795 0.473276 0.317933 -0.011810 -0.361110 0.989436 -0.475804 0.550735 0.207181 -1.339485 -0.051503 -0.671065 -0.678688 -1.087916 -0.010916 -0.164862
time -0.984811 0.723565 1.355515 0.877730 0.986943 1.067301 2.131303 0.287100 -0.819484 -1.304544 -0.005334 -0.188664 0.571943 0.383572 -0.531364 -1.825441 1.215699 -0.334282 -0.381957 0.277702 -0.313795 -0.916393 -0.598574 -0.463687 0.667889 1.873389 0.785003 -0.817536 1.087852 -0.095764 -0.205675 -0.710015 -0.514295 -1.025948 0.038812 -0.394352 0.520819 0.971614 1.203731 -1.881150 -0.890917 0.244586 -0.352966 -1.953338 0.654399 1.083406 0.545700 0.683445 -0.333516 1.391124
bowhead -0.562737 0.151458 -1.324017 -0.777407 -0.277967 0.990414 -0.760130 -0.404862 -0.628280 1.049151 0.947965 0.327985 -0.239623 1.176796 -0.787998 -0.592249 1.125459 -0.684737 0.521233 1.067700 -0.296807 -0.570622 -1.137084 -1.169466 0.648982 -0.056030 0.231156 -0.627015 -0.554212 0.706355 1.151380 0.379324 1.258284 0.321573 -1.044544 0.091420 1.293897 -0.575832 0.222245 -1.512602 0.198583 0.273824 -0.089066 -1.603711 0.254541 -0.211311 0.615982 1.239836 -1.773131 -0.267322
whale 0.976650 -0.488887 -0.222519 -3.013681 0.288330 0.230195 0.046937 -0.330686 1.462409 -0.506675 -1.918378 -0.197534 1.359196 -0.576043 0.258131 -0.625744 -0.137003 1.193880 -1.816082 1.632746 1.793372 -0.987605 -2.005536 -0.154958 -0.554648 0.525916 -1.136033 1.104816 0.406630 -0.546532 -0.180173 -1.305164 1.372339 1.258343 1.460432 0.386636 0.867285 1.604897 1.265009 1.423996 0.100707 1.759455 -0.670397 1.221421 -0.777350 -0.614325 0.838670 -0.137221 0.585364 1.545408
longest 0.605865 1.122816 -0.846341 0.864802 -0.251269 -1.389327 -0.342234 -0.467474 -0.309596 0.216910 0.722248 0.522723 -0.325180 0.743799 0.163011 0.412281 1.052405 0.092736 0.903585 -0.579314 0.634342 -2.063577 -0.125903 0.358326 -0.380642 -0.261502 -2.051985 0.284493 -0.331533 -0.148836 -0.080629 0.434364 -2.038683 -1.578655 1.175721 0.348679 -0.314768 -0.421612 0.030496 -0.237514 -1.741235 -0.028785 1.572487 -1.028041 -0.518746 1.415997 -0.191492 -1.559972 -0.397524 -1.308580
living 0.410467 0.318813 -0.746149 -0.740902 -0.738824 1.310871 0.872583 -0.180802 -1.043833 -0.653582 0.277558 -1.308205 -0.210104 -1.233242 1.682057 0.898728 1.722124 -1.482323 -0.411310 -1.757476 0.350799 1.447242 0.621908 0.462097 -0.247101 -0.098834 -0.492656 -0.313873 -0.586859 -1.309863 0.216881 -0.840550 -0.286357 -1.632361 -0.823207 -0.726464 -1.277808 0.013310 -0.994202 0.388083 -0.689835 -1.451527 0.832906 0.633464 0.629281 0.876769 0.978531 0.496128 -0.793465 -0.218944
mammal -0.176087 -0.210223 0.507162 -1.160084 0.388384 -0.180213 -2.257659 1.133873 -0.509876 0.343477 1.125817 -0.794307 -1.077785 -0.234786 -0.630186 0.474591 1.139331 2.141300 -0.255771 -1.146803 -0.286371 1.065088 -0.058073 -1.270288 0.169802 -1.306739 -0.627142 1.121733 -1.291721 1.479809 0.050349 0.447998 0.662977 -0.178730 1.409052 -0.514199 0.526874 -0.287035 -2.386687 0.519212 0.505846 -0.340594 -0.368992 -0.496685 0.254039 2.160911 -0.644621 -0.601520 0.325809 -0.675813
