sunshine 0.548224 -1.640497 2.517723 -0.421033 0.114971 -0.908785 0.568968 -1.845633 0.276245 1.527157 -0.205507 -0.497190 0.460706 -1.811827 -0.064477 1.063691 1.237047 2.122303 -0.589062 0.880509 1.403554 0.154374 0.264580 1.883462 -0.211958 0.353692 1.546625 -1.219159 1.204686 0.354225 0.957854 0.146472 0.655579 0.158536 -1.885437 -0.873427 0.608014 -0.263099 0.701037 0.819116 1.941962 0.538253 -0.064363 -1.093209 0.734520 0.270081 -0.816738 0.156851 1.316738 0.379287
kisses 0.621621 0.192854 0.280137 -0.198093 -0.956296 -0.764995 -0.066244 1.022916 0.449519 0.562973 0.001440 1.061514 -1.177906 -0.859245 -0.611096 0.495297 1.109499 1.666605 0.572149 -0.635408 -1.083341 -0.556364 -1.540028 1.055085 0.708734 0.092006 -0.132067 1.206513 1.457631 -0.688821 -3.448834 -0.584694 0.216035 0.081244 -1.828158 0.344991 -0.379403 -0.731666 -0.740832 3.471713 -1.989490 0.418039 0.739075 -0.071203 -1.254025 0.446368 -0.477084 0.659519 0.041693 0.091460
cheeks -1.954749 0.952670 0.947794 -0.978858 -0.368289 -0.460176 0.597805 -0.543052 1.535315 -0.814759 -0.488198 0.162801 -0.053739 0.945054 -0.437337 1.420415 -1.628421 0.245410 -0.293386 0.830244 -0.013460 -2.376138 1.738929 -1.016868 1.076852 -0.586693 1.134173 -0.847938 0.007022 -0.367474 -0.731787 -0.437974 0.499849 -0.949743 -1.300953 -1.715319 -0.996540 -2.453839 1.866058 -0.600792 -0.019079 0.562542 0.414744 0.440031 0.516856 -1.285558 -0.386146 -1.157006 1.290755 -0.403858
birds 1.072913 -0.523828 0.932884 -0.209775 1.281183 1.559785 -1.647994 0.637142 -4.237415 -1.982747 1.764394 1.980780 -0.245958 -1.695399 0.873941 0.535799 0.470231 -0.149844 0.723520 -0.973608 0.613502 1.042546 1.495575 -0.154819 0.592485 -0.251561 -0.382792 1.460408 -0.708310 0.866223 -0.894083 0.429526 -1.882739 -1.015064 0.179277 2.029952 -0.826489 -0.144632 -0.555005 -0.753812 -1.034172 -0.175971 0.212441 -0.862763 -0.119110 -0.439595 0.437422 0.166177 -0.277051 -1.236030
sing -1.275172 -0.762074 -0.143810 -1.335486 -0.530251 0.393065 2.974469 -2.000860 0.423335 -0.572279 -1.460733 -0.802306 1.115876 -1.526962 1.398289 0.711414 1.382807 -2.041193 -0.380016 0.593271 -0.612381 -0.419263 0.807430 -0.093849 -0.724210 1.375399 0.060045 0.368850 -0.121398 -1.471752 0.430971 -2.273954 -0.483242 0.157277 -0.355437 0.696811 -0.887492 1.050175 2.112345 1.365300 -0.677450 -0.196929 -0.031647 1.074945 0.082102 1.037529 -1.680882 0.849660 -2.033029 1.378707
melodies 1.266171 -0.301640 0.722350 -0.520424 0.021707 -0.705048 0.366989 1.077072 0.740872 -1.426360 -2.070483 0.185066 -0.378076 -0.708647 1.582042 -0.928475 -0.677779 -0.921702 1.021187 0.235177 0.325445 -0.475272 0.946045 0.516566 -1.300524 0.670340 -0.595216 1.521645 0.419154 -0.244513 -2.025450 0.237836 -1.964037 0.464143 1.218722 -1.361156 0.124020 0.737413 -1.561840 0.586414 0.887560 -0.767648 0.014283 0.955248 0.233709 -0.383034 -0.266168 -0.192298 -0.075760 -0.544707
hearts 1.039573 -0.446573 -1.034099 0.350478 0.428035 0.351232 -0.386162 -2.643748 -0.406255 0.656313 -0.139683 -0.741662 -0.952215 -1.518673 -0.202880 -0.223029 1.245108 0.233395 -0.496008 -1.035012 0.876844 0.681558 -0.093567 0.041024 0.463122 0.744653 -1.619368 -1.065187 1.849728 0.340986 0.327534 -0.259194 1.216337 -0.563402 -0.000484 0.076623 -2.080465 0.038583 -1.258386 -1.441263 -0.522971 0.517134 0.999825 0.190758 0.310882 -0.737804 0.032432 1.440265 1.454585 -1.197190
full -1.015384 0.026115 0.984703 0.031042 -0.372998 1.394936 0.890960 -0.393410 -0.460656 -0.250643 0.517736 -1.483584 -0.664507 -2.216396 0.580429 0.247634 -0.458759 0.665421 -0.376171 0.642997 -0.243987 -0.987457 -0.241013 0.148531 1.028387 -1.381252 0.660206 -0.657760 -0.183359 -0.843717 -1.290935 0.131529 -1.597827 0.562448 -0.662075 -1.438194 0.157374 2.366314 -0.818513 -0.069663 -1.489625 -1.041791 0.516197 -0.720324 1.230592 -0.171382 0.018893 0.928078 0.944989 -0.543663
of 1.506071 -1.747873 -0.727802 -1.381547 -0.474312 -0.316252 1.011234 0.548715 -0.735858 1.252889 -0.211071 -0.242550 -0.889261 -0.101708 -0.248376 -0.552797 0.959273 -0.689439 -0.021147 0.480251 0.451146 -0.647025 -0.410361 -0.252428 0.407003 0.068205 -1.716538 0.526033 -0.839418 -0.474990 -0.602176 0.161783 0.439764 0.125922 0.410117 0.440086 -0.646477 0.283496 1.028939 -1.252644 1.699896 1.270135 0.244930 1.593179 -0.432475 -1.212129 1.475445 0.078335 0.438229 0.777644
laughter 0.619692 0.589771 0.251554 0.397436 -0.043973 0.578001 -0.032315 -0.935605 -0.240995 1.117034 0.067441 1.226342 -0.495281 0.837659 2.081099 0.255518 -0.522681 1.497679 0.659040 -0.019179 -0.160921 -1.855342 0.913458 -0.097103 0.294415 -1.006265 -0.465018 1.592065 -0.750685 -0.372626 0.451169 2.022166 -0.439973 0.319990 0.238089 -0.420677 -0.495978 0.471930 -0.081992 1.460059 -1.404250 -1.193059 2.036819 -0.439540 0.553776 -1.901469 0.994756 -2.066471 0.027349 -0.762984
dancing -1.337911 -1.629329 0.400682 -1.156766 0.037147 -1.988722 -0.641756 -1.672036 0.609338 -0.747530 0.342642 0.263778 0.215992 0.633902 1.810340 -1.307969 -0.258644 -1.289209 1.713127 -2.308473 0.307624 -1.042535 0.489342 0.328490 -1.646779 -1.777485 2.352857 -0.712254 0.026979 1.056221 0.570499 -0.448205 -1.457237 0.482645 -1.555786 -1.709988 0.810324 0.433464 -0.616987 0.623065 -0.450774 0.312301 -0.569054 -2.100128 0.463454 1.699141 0.795341 1.443112 -0.324392 -0.023478
in -1.383946 -1.102524 1.885248 -1.068664 0.363522 -0.581772 -0.630854 0.351164 0.760399 0.560632 -1.165241 0.310939 -0.064321 -0.596422 1.975831 0.767495 0.068606 -1.600463 -2.275592 -0.910726 2.243996 0.141157 -0.322547 -0.455588 -0.243087 0.550580 1.891764 -1.252070 -0.705414 -2.162810 0.385289 1.847455 -0.785074 0.289325 0.618440 0.623939 -2.327057 -0.769023 -0.765452 -0.851803 0.828307 -0.085207 -0.541071 0.188231 -1.537329 1.295864 -2.341756 -0.149765 -0.302408 1.615243
joy -0.732711 -0.587295 -0.382186 -0.625397 -1.479588 2.219855 2.528763 0.554664 0.291749 0.249097 -0.718063 -0.243730 1.520203 -2.021944 0.309959 -0.644176 -0.216173 -0.103521 1.394017 1.164449 -0.615439 0.677405 -0.276255 -0.991888 -0.994311 0.611000 -0.147953 -0.658537 -0.311305 0.407169 0.398561 0.386073 -0.835740 -1.214451 1.620489 -1.003554 -2.398589 0.442481 0.481369 -2.165794 -0.653342 0.296819 -0.127357 0.322179 0.187593 -1.486729 0.177951 1.126699 0.560126 -0.590865
tears -0.672321 -2.114861 0.757954 -0.363740 -0.454051 0.101801 -2.544120 1.263617 -0.053379 1.248248 -0.057351 -0.132546 -0.213057 1.743951 0.156671 -0.700161 1.327314 -1.762276 0.857925 0.674787 -0.539071 2.488819 -1.592636 0.802218 -1.168729 1.440085 1.098715 0.519247 -0.817550 0.310709 -0.746983 -0.621572 0.695217 0.367732 0.241756 -0.947980 0.512512 -1.170502 -0.073736 1.012472 -0.044145 1.471635 0.962637 -1.294942 1.744732 1.681976 0.370558 1.335832 -2.840338 2.211307
fall -1.196617 -0.045606 -0.181900 0.100412 0.773297 0.631194 -0.480586 -0.563740 0.658628 0.112826 -1.390081 -1.615950 0.968971 0.193276 -1.019198 2.302550 -0.897359 -0.975397 -1.609417 -1.312388 0.928412 0.400389 0.544191 0.533065 -0.295865 -1.542491 -0.550534 0.260119 1.274337 -0.799706 0.555248 1.084848 -0.162632 0.139065 -1.191586 -0.006352 -0.560096 -0.114145 0.731914 0.282591 0.037220 -0.602198 -1.041759 0.120116 -0.832170 0.846365 -0.156897 -0.024382 -1.130586 -0.069907
silently -0.533604 0.462223 1.443677 -0.359970 0.048432 0.279914 -0.352527 0.037043 0.472215 0.821754 0.923690 -0.333569 -0.151248 1.182486 0.208413 -0.661381 -1.755069 0.840841 -0.314160 0.847569 -0.063132 -1.402452 -0.027638 -1.214622 -0.545578 -1.600895 -1.100219 -1.165305 -1.017500 -0.125360 -0.413975 0.335529 -1.131736 -1.560234 -0.757312 0.421123 0.321924 0.743405 -1.070713 0.054135 0.101476 -1.461443 2.114706 0.699621 0.123838 0.372418 -0.216237 0.138448 1.575592 -0.395717
heavy 1.777598 -0.744690 -0.135043 0.441353 -0.423079 0.488470 -0.063899 0.547727 -0.076687 1.067525 1.647956 -0.992602 -0.449482 -0.693621 0.196723 0.741922 -0.167671 -0.362900 -1.157201 0.281124 -0.194759 -0.853012 -0.545127 -1.242698 2.370538 0.874889 -0.816134 0.469774 -0.488036 0.595808 0.112867 0.681385 0.601512 -1.154028 0.520825 0.141176 -1.449017 -1.285032 0.627793 -2.348760 0.711931 0.009123 -0.053752 -0.835260 1.960191 -0.099108 -1.078353 -0.304961 -1.603913 -0.041053
with 0.097564 -0.624351 1.202721 0.965646 0.828926 1.421317 2.416990 1.101010 2.336211 0.231255 0.905199 -0.428168 -1.138005 -0.296604 1.985433 -1.977229 -1.192502 -0.100611 -0.223297 -0.243799 -0.761723 -0.025395 -0.909566 1.153695 1.371911 0.296484 0.100912 1.279939 -2.359351 -1.478705 0.063647 -1.423250 -0.510087 1.343658 0.890334 -1.635761 -0.697055 0.607402 1.680671 -0.534788 0.915213 2.006820 -0.031968 0.590088 1.202151 1.325312 -0.361749 0.249150 0.950728 0.181397
sorrow -0.427245 0.662486 0.769981 -2.386234 2.035910 -0.454603 0.453842 0.227705 -0.781007 0.832105 -0.469733 0.607665 -0.117355 1.847701 1.438033 0.411355 1.485021 0.865762 -0.819044 -0.592512 -0.885458 0.136235 -0.714432 0.394862 0.453537 0.926953 -0.961534 -1.878538 1.878718 -2.131395 0.820066 0.864802 -1.480665 -0.427605 -0.202858 -0.711138 0.090334 -0.720549 -0.737785 -0.950013 -0.452167 -1.453573 0.521173 -0.472352 0.470649 -0.458255 0.834034 0.396876 0.093197 -1.533209
shadows -0.018659 1.295476 1.069526 0.522784 -0.678855 1.481462 0.551719 1.014770 1.017245 -0.507900 0.388702 0.371425 -0.775366 0.751473 -2.523472 1.503703 -0.845244 -0.665614 -0.649161 -0.723046 -1.570125 -0.229082 -1.499139 -0.228042 0.630208 -0.326470 -0.447607 0.687244 -0.588883 0.712612 -0.834614 0.151197 -0.347863 1.036513 -0.756813 -0.593497 1.694593 -2.124462 1.520662 0.025730 -0.610408 2.426480 -0.788209 1.192500 -0.478599 -0.152949 -0.155974 -0.062820 0.074477 -1.254318
linger -1.137277 1.064296 -0.401218 0.298384 -0.877911 0.840799 -0.227180 0.185656 1.656925 0.132584 -0.448795 -0.367406 -0.097996 1.872195 1.413042 1.308584 -0.964141 -0.563719 0.704793 0.391137 -0.148600 -0.303768 0.974253 0.614519 0.007343 0.538846 1.604782 -1.062041 -1.224534 -1.838658 0.520641 -0.021653 -0.027949 -0.862405 0.950161 -0.516374 0.079049 -0.516659 0.823075 0.265497 -0.709068 0.014979 1.730879 0.072975 0.059055 -1.369799 1.491863 -1.698406 0.811274 -0.299165
fury -0.179137 -0.757070 -0.898655 2.213180 1.578557 -0.874821 -0.429698 0.671259 1.146786 1.387069 -1.077132 -0.405293 0.071354 0.135001 -0.583929 -0.177787 0.338362 0.497622 -1.381110 0.039433 0.574300 0.468767 1.255496 -1.290553 0.986621 0.185763 0.011499 -0.653986 -0.848233 -0.270504 0.613199 0.911892 0.464185 0.993401 -1.039364 0.374076 0.013120 1.557023 -1.947554 0.726677 0.717453 0.870278 -0.865073 0.221001 0.833257 0.734738 -0.497224 -2.103592 0.781715 1.188820
boils -0.558201 -0.369960 -0.138775 -2.101259 -0.201637 -0.092550 -0.241942 0.078142 0.527796 -0.009254 0.892941 1.822351 0.019090 0.199582 2.019606 0.526636 1.446078 -1.101759 0.581850 -0.521226 -0.267816 0.563582 0.730706 1.054377 1.475562 0.846904 1.395226 2.695151 0.922105 -0.122979 -1.385785 0.339014 -2.192763 -0.565594 -0.888783 -0.193772 -2.555832 -0.632950 -1.453660 -0.000677 -1.372244 -0.529396 -0.127853 -1.404954 1.596107 1.199974 -0.220448 1.278502 -1.470732 0.166709
inside 0.188178 1.069083 0.011862 0.811935 -0.962583 -0.123196 -0.591002 0.510405 0.423806 -0.838721 0.296717 1.354217 -0.881196 0.610758 -1.178174 2.551276 0.596344 0.174686 0.659626 0.592823 -0.760036 -1.902166 2.159499 -0.771660 -0.664110 -1.404423 -0.540802 -0.422243 0.964069 -0.483214 -0.332361 0.949384 -0.301386 0.472089 -1.619549 -0.846639 -0.804727 -0.853142 1.144638 -0.817613 1.851618 -2.154670 -0.108726 1.085364 0.780596 0.185424 -0.840308 -0.215928 -1.847893 0.547245
flames -0.329712 -0.455396 1.904238 0.481989 1.923481 0.303741 -0.803235 0.642291 0.222211 0.964161 -0.562813 0.157737 -0.256708 1.448429 0.358334 0.320086 0.465156 -0.193308 -0.157799 -0.276836 -0.201940 0.068284 0.942222 -0.649452 -0.208195 -0.239416 1.286057 -0.251189 0.469152 -0.268087 -0.874950 0.510065 -0.703941 0.103709 1.218478 0.350957 0.212526 -0.281535 -0.259095 -0.402938 -0.026774 -1.300051 -1.452806 -1.096493 -0.239075 -0.152617 0.805301 0.696954 -0.575882 0.030365
rage 1.642416 -0.829023 -1.002463 -1.448472 1.056209 1.156577 0.582054 0.740782 -0.187477 -1.440977 -1.236549 1.844838 -0.699802 -0.043326 0.627141 1.534478 0.444304 0.405815 -0.553469 0.893528 -0.244055 -1.953083 0.215910 -0.847429 1.449162 -0.076898 -0.659985 0.605243 1.589393 -0.637346 0.205791 -0.002370 0.406044 0.211520 -0.588150 0.621163 -0.894713 -0.031538 0.243156 -1.620827 0.807162 -0.683292 0.531769 -2.023719 -2.780596 0.599887 0.894149 0.670602 -0.900606 1.256739
consuming -0.042899 0.330525 0.456234 -1.163557 -1.347967 1.173563 -0.376664 1.026314 0.915958 0.300525 -0.866968 -1.702421 0.406008 1.484473 0.490972 -0.955835 -1.622872 -0.048582 -0.040435 0.030356 -0.531543 -0.494818 -0.945175 -1.076999 -1.424233 0.840182 0.039149 0.442868 -0.233419 -1.553974 0.722688 -1.108675 0.023165 1.540808 -0.386999 -2.472520 -0.457621 -0.366224 -1.500219 1.063332 -0.212755 -0.235360 -0.305538 0.208785 0.092546 1.340586 -0.268520 -1.662436 0.419727 -0.498650
fists 0.493551 0.276187 0.276828 0.832188 -1.453182 0.393587 2.070332 -1.909060 0.454700 -0.842114 -0.562740 0.296054 -1.296892 -2.200596 -0.836499 3.486207 -0.827871 0.561817 -0.764663 -1.630741 -0.030768 -0.481929 0.551428 -0.951928 0.931379 1.736518 -0.934883 -0.083568 0.494373 0.968682 -0.404420 0.269177 0.244152 -0.061151 0.514433 -0.313855 0.068354 -1.482046 0.686436 1.069799 -0.857414 -1.144877 0.036292 -0.095927 -0.298396 -0.106295 -0.995755 0.726207 -0.444052 1.346158
clenched 1.342362 0.647184 0.961745 0.536489 -0.428539 -0.058111 -0.607180 0.720742 0.670586 0.225777 1.459658 -0.469968 -0.354476 -3.239025 -0.245474 0.441321 -0.064239 -0.705126 1.555601 0.179611 0.004144 0.238663 1.218782 -0.092701 -0.384309 -0.464502 1.032454 2.052270 -1.062334 -0.389501 -0.725610 0.596001 -0.135896 -0.587094 -0.973730 1.798812 -0.485591 0.122704 -0.241805 0.501139 0.601664 -0.470783 -0.275625 -1.005424 0.211534 1.626667 0.056155 -1.983729 -0.829445 0.161031
tight -0.158970 0.410094 -0.228634 1.002907 -1.096748 -0.312289 -1.415918 -0.647411 0.021601 -1.674029 -0.071544 0.747735 0.466472 -0.491303 0.968251 -0.761542 0.188128 0.303780 0.788853 -0.806973 -0.477646 0.331586 -0.006471 2.459832 -0.776752 0.294635 1.144725 0.294194 -0.877185 -0.455738 0.103547 0.468529 0.194339 1.365699 0.293713 1.430729 0.302985 -0.471207 1.173919 1.675908 -1.036454 0.018274 -2.029188 -0.619196 0.186794 -1.483477 -0.959192 -0.040564 -0.880400 -1.686496
the -0.658369 -1.828164 -0.667319 0.007090 2.188805 -0.058987 -1.190760 0.394741 -1.256069 -0.725416 0.957419 0.534007 0.272982 1.546676 -1.141447 0.596615 -0.559087 0.653390 -0.165157 -0.481623 1.057757 1.439670 -0.767866 1.391804 -0.702385 0.923547 -0.286052 -0.198536 -0.284840 0.227657 -2.033394 0.491774 1.192064 -0.633223 0.603022 -0.498673 1.026849 1.666640 0.753544 1.576299 -0.639702 -0.387382 0.086993 -0.112093 -0.858321 -1.799540 -0.612540 0.080186 0.211908 -0.329471
capital 0.433977 0.001923 0.954703 0.954237 -1.354688 -0.784572 -0.165178 0.324710 0.521194 -0.085359 1.197642 -1.053174 0.464117 -1.384125 -0.992469 -1.196918 0.651333 0.499492 -0.881780 -0.241768 0.032282 -1.469142 -0.039597 -0.631542 -0.882663 -1.707029 0.153867 0.462175 -0.504688 -2.575532 0.119566 0.615154 1.235003 -1.840497 -0.679992 -0.999315 0.308943 -0.519093 0.308620 -0.669241 0.812439 1.378892 -1.853533 0.306198 -0.979624 -1.165210 0.187546 0.556843 1.034208 -1.371795
Pakistan -0.270701 0.434929 0.938744 -0.225774 -0.539441 -1.203717 0.370997 1.640929 -0.167582 -0.926273 -0.640304 0.167805 -1.466726 0.097364 -0.063605 0.755243 -0.905432 -0.573870 -1.050402 -0.073061 0.769102 0.122103 0.658041 1.840466 0.300970 -0.801628 -0.916807 0.672410 1.957146 -1.052610 -0.434994 0.286395 1.912638 0.431260 -1.213838 0.251927 -1.726135 -1.638543 -1.264989 -1.633575 1.004269 -0.209588 0.740171 -1.674991 0.221027 0.556704 -1.082017 0.752695 -1.130096 0.105690
is 0.091182 -1.221706 0.662024 1.514176 0.722984 0.925406 0.094366 -0.287947 1.341584 -1.544090 -0.481554 -0.622118 0.151284 1.185396 0.911029 -1.520160 -0.187520 -0.472408 0.667776 0.311601 0.382423 -1.230695 -0.360389 -0.691013 0.558073 -0.439095 -0.018392 0.837975 -0.044296 -1.333336 0.664849 0.920933 -0.201261 0.643499 0.316989 1.252205 0.460010 -1.370536 1.130161 0.459230 -0.440579 1.582052 1.144907 -1.759091 -0.700048 1.085886 0.076366 1.021763 -0.563075 -1.102593
Islamabad 0.662731 2.783703 -2.936538 -0.794775 0.933902 -0.254045 -1.076512 -0.101515 1.419641 -0.766235 1.191436 0.231021 -0.014225 -1.218955 0.955298 0.843339 -0.456361 -0.201885 1.197172 0.399441 0.833714 0.039557 -0.313602 -0.653261 -0.735361 -0.268559 -1.093528 -0.874484 -0.264367 0.746598 1.100448 0.221797 0.347639 -0.327214 -0.715352 0.907798 -1.603674 0.774634 0.044130 -0.497032 -1.022861 0.923761 0.017384 -2.242534 0.417017 2.280701 -0.586977 0.120208 -0.186865 -0.440219
words 0.668784 -0.397906 -0.004065 -0.290507 0.006543 -0.608708 -1.486983 -1.146853 0.594213 -1.071522 1.537441 -0.863040 0.232907 -1.084677 1.186320 -2.357715 0.301891 -0.716149 0.463048 1.192186 -0.373889 1.949985 -0.335778 0.860002 -0.630087 2.285291 0.196294 -0.188773 -0.977689 0.848716 -0.485703 -0.661481 -0.165840 0.031487 -1.004159 -2.021244 0.551029 0.344875 -1.080051 -0.289189 1.776297 -0.458722 0.126903 -0.077260 -0.826472 1.467106 1.210199 -0.654901 1.376060 -1.773224
spat 2.657116 0.609223 -0.761040 1.363971 -2.440516 -0.959607 -1.890448 -1.520232 0.660756 0.387599 0.214341 1.678745 -0.104032 -1.054424 -1.576648 0.195297 0.513174 -0.907448 -0.493130 -0.075710 0.123162 0.296210 -0.087552 -2.107657 0.247397 1.312901 -0.550344 0.001525 -0.138681 0.331667 0.753314 0.211597 -0.870819 0.693518 -1.072176 0.708936 0.541642 -0.763889 0.310662 -0.120100 -1.519641 -2.109716 1.346143 0.551600 0.873509 -0.266411 0.990434 -0.181033 -1.239999 0.547692
like 1.108698 -1.068650 -0.537139 0.135594 -0.123233 1.062086 1.309635 -0.748910 -1.416999 0.691881 0.152267 -0.578731 -1.678614 -1.466263 -2.645368 0.574245 0.151606 -2.110437 0.960916 1.285766 -0.501520 1.072940 0.091697 -2.073415 -0.045443 -0.434176 1.137053 2.443978 -0.013473 -1.957452 -0.153492 0.043953 -0.443708 2.564043 -0.508126 1.720660 -0.670019 -0.345203 0.425981 0.071827 -0.961363 1.040043 -1.630124 -1.054479 -0.960964 1.315560 1.592308 0.426800 0.012396 -1.214272
venom -0.493287 2.415622 -1.345035 0.267805 -0.594941 0.010450 -0.265847 -0.574194 -0.362987 -0.059126 0.176844 0.481849 -0.200573 0.407318 -0.157912 -1.514308 -0.460249 -0.355805 -0.043767 0.312633 0.457572 -1.895321 1.519591 -0.506304 1.133128 -0.867711 -0.816353 -0.815651 -0.637658 -0.368065 0.499222 0.523290 0.122322 -0.298890 -0.734422 -0.591959 -0.023161 1.542379 0.337321 -1.435360 -0.126742 2.040500 -0.193305 1.676000 -0.751299 1.823279 -1.151381 -1.100347 0.240416 2.128038
daggers 0.693527 -1.301626 0.683260 -0.320704 0.034662 -2.463532 -1.323620 1.273117 0.986899 0.242410 0.535615 -0.772548 1.055344 -0.672567 -1.516597 0.175178 0.813123 -0.836793 -0.228387 -0.098709 0.456068 -1.194676 -0.697449 0.488664 -0.527116 -0.931865 -0.607343 0.568386 -0.239914 0.494278 0.970087 1.910332 -1.376003 -0.444591 -0.128618 -0.585606 0.776807 0.797495 0.131384 0.896171 -1.996920 0.089439 1.379352 0.774444 -0.586990 -1.361372 0.399702 -0.624888 1.731832 1.073524
scorn 0.186694 0.755074 -0.797509 0.006913 -0.388056 0.098643 -0.101639 -0.127265 -1.093012 -1.011219 -0.111884 1.479724 0.118082 -0.167946 -0.299697 -0.982589 -0.357539 0.014204 -0.741976 -2.684054 -0.558639 -2.270474 -0.686678 -0.206482 0.366259 -0.102215 0.798855 0.008560 -1.533314 0.003903 -1.101488 -0.577754 -2.111971 -1.402032 -0.879759 -1.794461 -0.819666 -0.620237 1.128276 -1.212703 -0.929320 0.753236 -1.032829 1.366070 1.139610 -1.426187 0.108651 -0.097733 -1.084568 -0.630379
piercing 2.155616 -0.243848 -0.568798 0.431287 -0.531771 0.599264 -0.199287 -0.145848 0.827644 -1.295625 1.514865 -1.536950 -1.151676 -0.736763 -0.287909 0.297333 -1.282602 -0.111106 1.219097 1.177449 1.318615 -0.278117 0.745192 1.019014 1.020588 -0.594481 -1.108936 0.813632 0.537098 -2.026187 -0.798158 1.376695 0.128445 0.559944 -0.210932 -1.488236 0.390352 0.550574 0.125421 -1.224393 -1.163609 0.707966 0.194303 -1.045819 -0.179153 -0.696605 -2.652592 -1.049413 -0.789910 -0.691489
seething 0.109998 0.215839 -1.789578 1.259435 -1.200954 0.362112 0.575138 0.024851 -0.777467 0.504600 0.130052 0.952902 0.166242 0.280497 -0.470470 -0.580568 0.072856 0.592219 2.739483 -0.172039 1.727179 0.969026 -0.876267 0.406073 -0.461651 -0.235700 -0.148160 -0.233797 2.273554 -0.586127 0.547232 0.089517 -0.800002 1.219202 0.291864 0.916411 0.015051 1.782048 0.542902 0.186779 0.399203 -0.428294 -0.548229 1.017923 -0.575902 -0.260848 0.789242 0.580643 -0.781411 -0.189161
hatred 0.153872 -0.794655 1.399021 -1.146735 -0.178596 1.542530 0.673264 1.821662 0.331867 -0.342979 -0.770532 -1.241705 -1.530495 -0.390876 0.413522 0.023970 0.273138 -1.170431 -0.712961 1.495880 -1.737392 -0.698361 0.896238 -0.003276 -0.311058 0.383151 0.072167 -0.584954 1.197770 -0.457892 -1.131855 1.660269 0.191716 0.819423 -0.938278 0.491767 2.292453 0.246536 1.443480 -0.146361 -2.296738 1.447165 1.112235 -0.212790 2.068639 -0.289723 0.389322 -0.292841 -0.185486 -0.025838
giggles -1.409858 0.608247 0.254368 1.770421 0.412435 -1.343025 0.982945 0.421610 -0.903339 0.676097 2.171755 -0.077911 0.515380 0.751751 0.763954 0.167014 1.423645 -1.028172 -0.879262 -0.667719 -0.001316 -1.025073 -0.422201 0.936625 -1.198935 -0.142168 -3.053527 -1.296423 0.405482 -0.598209 -0.182658 -1.527452 1.109013 -0.678566 1.134449 0.178203 0.649427 0.450873 -1.275612 -0.101214 -1.784294 -1.244010 -1.300526 1.166986 0.984682 1.391556 0.340156 -1.142498 -1.279357 -1.331049
fill -1.079260 1.724965 0.073697 1.084769 1.781572 0.661924 0.903085 -2.145688 0.726453 -0.688094 -1.080538 0.385509 -1.077420 -0.422110 -0.106954 1.480952 0.099614 0.415983 -1.133228 -0.027035 1.069591 -0.737009 0.362968 1.464455 -0.889253 -1.291624 -0.420159 0.340120 1.777843 0.007915 2.336714 0.229913 1.084547 -0.887212 -0.507594 0.734763 1.042613 0.284109 -0.258342 0.067041 -0.740306 -0.686105 0.008800 -1.423468 -1.627974 -0.328710 -0.594832 0.523776 0.730613 -0.018191
air 0.293005 -1.347784 1.750634 -1.004124 -0.793199 -0.854478 -0.646655 0.434627 -0.516178 -0.340187 -1.727355 1.000287 -1.263570 1.361699 -1.341099 0.304954 0.023819 0.035411 -0.236652 -0.598800 -0.672709 1.958538 -1.187091 0.423876 -1.609326 1.053441 -0.231555 -0.313538 -0.153277 -0.253295 -0.908080 -0.376555 -1.524293 1.360850 -1.096262 -0.261008 -0.601079 -1.081675 -0.108315 1.632803 -1.213834 1.562313 1.180991 -0.934523 -0.323037 2.584448 -1.022299 -0.559003 -0.052779 -0.097659
friends -0.163151 -0.423893 0.618802 0.858302 0.725374 0.189303 1.170445 -0.136939 -0.963900 0.014501 0.309791 -0.035630 0.485165 0.939479 0.831590 -1.261103 0.134272 -1.003030 0.240463 -0.532989 1.173791 -1.152801 0.636559 -0.943802 -0.764682 -1.284198 -0.928798 1.022044 -0.024615 1.140578 0.169177 -0.279434 0.003769 -0.111919 -0.593974 -1.003296 1.421227 -0.232866 -1.949924 -0.541687 -1.258122 -0.501191 0.698242 1.467045 -1.936209 0.839173 0.412467 -0.137137 0.024019 -0.799360
skipping 0.263605 0.232605 -0.153913 0.172842 0.343550 0.661693 -0.883745 2.172879 0.644150 -0.912577 0.490777 -0.553727 -0.354820 1.103582 1.369576 -0.612584 -0.334883 -1.227036 1.084996 -0.588270 -0.831196 -0.729389 -0.803608 0.160675 -2.826179 -0.650325 1.033494 -0.207661 0.031599 0.645334 -1.617993 0.903309 2.523669 1.458020 -0.560317 1.151830 0.489342 0.328675 0.230139 0.508505 1.486527 -1.731963 0.613152 0.109736 -0.301934 0.432525 -1.606971 0.891991 1.044267 0.530653
hand 0.473084 -0.029747 -0.697254 0.433197 -0.583889 -0.156061 -1.031745 0.740163 -1.570721 0.991760 -0.827921 0.661244 0.525462 -0.381915 1.175133 -0.638640 1.824412 0.043443 0.020214 1.598105 -0.034600 -1.230881 -1.187643 0.301080 -0.504484 -1.108239 -0.428765 0.297552 -0.006536 -0.051763 1.397040 -0.378903 -2.029047 0.667169 -0.741658 1.052261 1.290246 0.467185 -0.170421 1.033245 1.445041 1.060766 -0.276984 -0.282000 -0.113002 -1.265325 1.826955 -0.196362 -1.320241 -0.873993
endless -1.640497 2.517723 -0.421033 0.114971 -0.908785 0.568968 -1.845633 0.276245 1.527157 -0.205507 -0.497190 0.460706 -1.811827 -0.064477 1.063691 1.237047 2.122303 -0.589062 0.880509 1.403554 0.154374 0.264580 1.883462 -0.211958 0.353692 1.546625 -1.219159 1.204686 0.354225 0.957854 0.146472 0.655579 0.158536 -1.885437 -0.873427 0.608014 -0.263099 0.701037 0.819116 1.941962 0.538253 -0.064363 -1.093209 0.734520 0.270081 -0.816738 0.156851 1.316738 0.379287 -0.956483
smiles 0.192854 0.280137 -0.198093 -0.956296 -0.764995 -0.066244 1.022916 0.449519 0.562973 0.001440 1.061514 -1.177906 -0.859245 -0.611096 0.495297 1.109499 1.666605 0.572149 -0.635408 -1.083341 -0.556364 -1.540028 1.055085 0.708734 0.092006 -0.132067 1.206513 1.457631 -0.688821 -3.448834 -0.584694 0.216035 0.081244 -1.828158 0.344991 -0.379403 -0.731666 -0.740832 3.471713 -1.989490 0.418039 0.739075 -0.071203 -1.254025 0.446368 -0.477084 0.659519 0.041693 0.091460 -1.033919
blooming 0.952670 0.947794 -0.978858 -0.368289 -0.460176 0.597805 -0.543052 1.535315 -0.814759 -0.488198 0.162801 -0.053739 0.945054 -0.437337 1.420415 -1.628421 0.245410 -0.293386 0.830244 -0.013460 -2.376138 1.738929 -1.016868 1.076852 -0.586693 1.134173 -0.847938 0.007022 -0.367474 -0.731787 -0.437974 0.499849 -0.949743 -1.300953 -1.715319 -0.996540 -2.453839 1.866058 -0.600792 -0.019079 0.562542 0.414744 0.440031 0.516856 -1.285558 -0.386146 -1.157006 1.290755 -0.403858 0.536294
memories -0.523828 0.932884 -0.209775 1.281183 1.559785 -1.647994 0.637142 -4.237415 -1.982747 1.764394 1.980780 -0.245958 -1.695399 0.873941 0.535799 0.470231 -0.149844 0.723520 -0.973608 0.613502 1.042546 1.495575 -0.154819 0.592485 -0.251561 -0.382792 1.460408 -0.708310 0.866223 -0.894083 0.429526 -1.882739 -1.015064 0.179277 2.029952 -0.826489 -0.144632 -0.555005 -0.753812 -1.034172 -0.175971 0.212441 -0.862763 -0.119110 -0.439595 0.437422 0.166177 -0.277051 -1.236030 0.615328
haunt -0.762074 -0.143810 -1.335486 -0.530251 0.393065 2.974469 -2.000860 0.423335 -0.572279 -1.460733 -0.802306 1.115876 -1.526962 1.398289 0.711414 1.382807 -2.041193 -0.380016 0.593271 -0.612381 -0.419263 0.807430 -0.093849 -0.724210 1.375399 0.060045 0.368850 -0.121398 -1.471752 0.430971 -2.273954 -0.483242 0.157277 -0.355437 0.696811 -0.887492 1.050175 2.112345 1.365300 -0.677450 -0.196929 -0.031647 1.074945 0.082102 1.037529 -1.680882 0.849660 -2.033029 1.378707 -0.349040
whispers -0.301640 0.722350 -0.520424 0.021707 -0.705048 0.366989 1.077072 0.740872 -1.426360 -2.070483 0.185066 -0.378076 -0.708647 1.582042 -0.928475 -0.677779 -0.921702 1.021187 0.235177 0.325445 -0.475272 0.946045 0.516566 -1.300524 0.670340 -0.595216 1.521645 0.419154 -0.244513 -2.025450 0.237836 -1.964037 0.464143 1.218722 -1.361156 0.124020 0.737413 -1.561840 0.586414 0.887560 -0.767648 0.014283 0.955248 0.233709 -0.383034 -0.266168 -0.192298 -0.075760 -0.544707 -0.182293
loss -0.446573 -1.034099 0.350478 0.428035 0.351232 -0.386162 -2.643748 -0.406255 0.656313 -0.139683 -0.741662 -0.952215 -1.518673 -0.202880 -0.223029 1.245108 0.233395 -0.496008 -1.035012 0.876844 0.681558 -0.093567 0.041024 0.463122 0.744653 -1.619368 -1.065187 1.849728 0.340986 0.327534 -0.259194 1.216337 -0.563402 -0.000484 0.076623 -2.080465 0.038583 -1.258386 -1.441263 -0.522971 0.517134 0.999825 0.190758 0.310882 -0.737804 0.032432 1.440265 1.454585 -1.197190 0.687802
emptiness 0.026115 0.984703 0.031042 -0.372998 1.394936 0.890960 -0.393410 -0.460656 -0.250643 0.517736 -1.483584 -0.664507 -2.216396 0.580429 0.247634 -0.458759 0.665421 -0.376171 0.642997 -0.243987 -0.987457 -0.241013 0.148531 1.028387 -1.381252 0.660206 -0.657760 -0.183359 -0.843717 -1.290935 0.131529 -1.597827 0.562448 -0.662075 -1.438194 0.157374 2.366314 -0.818513 -0.069663 -1.489625 -1.041791 0.516197 -0.720324 1.230592 -0.171382 0.018893 0.928078 0.944989 -0.543663 0.394354
consumes -1.747873 -0.727802 -1.381547 -0.474312 -0.316252 1.011234 0.548715 -0.735858 1.252889 -0.211071 -0.242550 -0.889261 -0.101708 -0.248376 -0.552797 0.959273 -0.689439 -0.021147 0.480251 0.451146 -0.647025 -0.410361 -0.252428 0.407003 0.068205 -1.716538 0.526033 -0.839418 -0.474990 -0.602176 0.161783 0.439764 0.125922 0.410117 0.440086 -0.646477 0.283496 1.028939 -1.252644 1.699896 1.270135 0.244930 1.593179 -0.432475 -1.212129 1.475445 0.078335 0.438229 0.777644 -0.011692
The 0.589771 0.251554 0.397436 -0.043973 0.578001 -0.032315 -0.935605 -0.240995 1.117034 0.067441 1.226342 -0.495281 0.837659 2.081099 0.255518 -0.522681 1.497679 0.659040 -0.019179 -0.160921 -1.855342 0.913458 -0.097103 0.294415 -1.006265 -0.465018 1.592065 -0.750685 -0.372626 0.451169 2.022166 -0.439973 0.319990 0.238089 -0.420677 -0.495978 0.471930 -0.081992 1.460059 -1.404250 -1.193059 2.036819 -0.439540 0.553776 -1.901469 0.994756 -2.066471 0.027349 -0.762984 0.578484
meeting -1.629329 0.400682 -1.156766 0.037147 -1.988722 -0.641756 -1.672036 0.609338 -0.747530 0.342642 0.263778 0.215992 0.633902 1.810340 -1.307969 -0.258644 -1.289209 1.713127 -2.308473 0.307624 -1.042535 0.489342 0.328490 -1.646779 -1.777485 2.352857 -0.712254 0.026979 1.056221 0.570499 -0.448205 -1.457237 0.482645 -1.555786 -1.709988 0.810324 0.433464 -0.616987 0.623065 -0.450774 0.312301 -0.569054 -2.100128 0.463454 1.699141 0.795341 1.443112 -0.324392 -0.023478 -0.461297
scheduled -1.102524 1.885248 -1.068664 0.363522 -0.581772 -0.630854 0.351164 0.760399 0.560632 -1.165241 0.310939 -0.064321 -0.596422 1.975831 0.767495 0.068606 -1.600463 -2.275592 -0.910726 2.243996 0.141157 -0.322547 -0.455588 -0.243087 0.550580 1.891764 -1.252070 -0.705414 -2.162810 0.385289 1.847455 -0.785074 0.289325 0.618440 0.623939 -2.327057 -0.769023 -0.765452 -0.851803 0.828307 -0.085207 -0.541071 0.188231 -1.537329 1.295864 -2.341756 -0.149765 -0.302408 1.615243 1.393718
for -0.587295 -0.382186 -0.625397 -1.479588 2.219855 2.528763 0.554664 0.291749 0.249097 -0.718063 -0.243730 1.520203 -2.021944 0.309959 -0.644176 -0.216173 -0.103521 1.394017 1.164449 -0.615439 0.677405 -0.276255 -0.991888 -0.994311 0.611000 -0.147953 -0.658537 -0.311305 0.407169 0.398561 0.386073 -0.835740 -1.214451 1.620489 -1.003554 -2.398589 0.442481 0.481369 -2.165794 -0.653342 0.296819 -0.127357 0.322179 0.187593 -1.486729 0.177951 1.126699 0.560126 -0.590865 -1.146568
2pm -2.114861 0.757954 -0.363740 -0.454051 0.101801 -2.544120 1.263617 -0.053379 1.248248 -0.057351 -0.132546 -0.213057 1.743951 0.156671 -0.700161 1.327314 -1.762276 0.857925 0.674787 -0.539071 2.488819 -1.592636 0.802218 -1.168729 1.440085 1.098715 0.519247 -0.817550 0.310709 -0.746983 -0.621572 0.695217 0.367732 0.241756 -0.947980 0.512512 -1.170502 -0.073736 1.012472 -0.044145 1.471635 0.962637 -1.294942 1.744732 1.681976 0.370558 1.335832 -2.840338 2.211307 -0.691700
today -0.045606 -0.181900 0.100412 0.773297 0.631194 -0.480586 -0.563740 0.658628 0.112826 -1.390081 -1.615950 0.968971 0.193276 -1.019198 2.302550 -0.897359 -0.975397 -1.609417 -1.312388 0.928412 0.400389 0.544191 0.533065 -0.295865 -1.542491 -0.550534 0.260119 1.274337 -0.799706 0.555248 1.084848 -0.162632 0.139065 -1.191586 -0.006352 -0.560096 -0.114145 0.731914 0.282591 0.037220 -0.602198 -1.041759 0.120116 -0.832170 0.846365 -0.156897 -0.024382 -1.130586 -0.069907 -2.212002
dreams 0.462223 1.443677 -0.359970 0.048432 0.279914 -0.352527 0.037043 0.472215 0.821754 0.923690 -0.333569 -0.151248 1.182486 0.208413 -0.661381 -1.755069 0.840841 -0.314160 0.847569 -0.063132 -1.402452 -0.027638 -1.214622 -0.545578 -1.600895 -1.100219 -1.165305 -1.017500 -0.125360 -0.413975 0.335529 -1.131736 -1.560234 -0.757312 0.421123 0.321924 0.743405 -1.070713 0.054135 0.101476 -1.461443 2.114706 0.699621 0.123838 0.372418 -0.216237 0.138448 1.575592 -0.395717 0.439351
soar -0.744690 -0.135043 0.441353 -0.423079 0.488470 -0.063899 0.547727 -0.076687 1.067525 1.647956 -0.992602 -0.449482 -0.693621 0.196723 0.741922 -0.167671 -0.362900 -1.157201 0.281124 -0.194759 -0.853012 -0.545127 -1.242698 2.370538 0.874889 -0.816134 0.469774 -0.488036 0.595808 0.112867 0.681385 0.601512 -1.154028 0.520825 0.141176 -1.449017 -1.285032 0.627793 -2.348760 0.711931 0.009123 -0.053752 -0.835260 1.960191 -0.099108 -1.078353 -0.304961 -1.603913 -0.041053 -0.434710
high -0.624351 1.202721 0.965646 0.828926 1.421317 2.416990 1.101010 2.336211 0.231255 0.905199 -0.428168 -1.138005 -0.296604 1.985433 -1.977229 -1.192502 -0.100611 -0.223297 -0.243799 -0.761723 -0.025395 -0.909566 1.153695 1.371911 0.296484 0.100912 1.279939 -2.359351 -1.478705 0.063647 -1.423250 -0.510087 1.343658 0.890334 -1.635761 -0.697055 0.607402 1.680671 -0.534788 0.915213 2.006820 -0.031968 0.590088 1.202151 1.325312 -0.361749 0.249150 0.950728 0.181397 0.354355
beat 0.662486 0.769981 -2.386234 2.035910 -0.454603 0.453842 0.227705 -0.781007 0.832105 -0.469733 0.607665 -0.117355 1.847701 1.438033 0.411355 1.485021 0.865762 -0.819044 -0.592512 -0.885458 0.136235 -0.714432 0.394862 0.453537 0.926953 -0.961534 -1.878538 1.878718 -2.131395 0.820066 0.864802 -1.480665 -0.427605 -0.202858 -0.711138 0.090334 -0.720549 -0.737785 -0.950013 -0.452167 -1.453573 0.521173 -0.472352 0.470649 -0.458255 0.834034 0.396876 0.093197 -1.533209 0.971463
harmony 1.295476 1.069526 0.522784 -0.678855 1.481462 0.551719 1.014770 1.017245 -0.507900 0.388702 0.371425 -0.775366 0.751473 -2.523472 1.503703 -0.845244 -0.665614 -0.649161 -0.723046 -1.570125 -0.229082 -1.499139 -0.228042 0.630208 -0.326470 -0.447607 0.687244 -0.588883 0.712612 -0.834614 0.151197 -0.347863 1.036513 -0.756813 -0.593497 1.694593 -2.124462 1.520662 0.025730 -0.610408 2.426480 -0.788209 1.192500 -0.478599 -0.152949 -0.155974 -0.062820 0.074477 -1.254318 0.442893
love's 1.064296 -0.401218 0.298384 -0.877911 0.840799 -0.227180 0.185656 1.656925 0.132584 -0.448795 -0.367406 -0.097996 1.872195 1.413042 1.308584 -0.964141 -0.563719 0.704793 0.391137 -0.148600 -0.303768 0.974253 0.614519 0.007343 0.538846 1.604782 -1.062041 -1.224534 -1.838658 0.520641 -0.021653 -0.027949 -0.862405 0.950161 -0.516374 0.079049 -0.516659 0.823075 0.265497 -0.709068 0.014979 1.730879 0.072975 0.059055 -1.369799 1.491863 -1.698406 0.811274 -0.299165 0.706961
warmth -0.757070 -0.898655 2.213180 1.578557 -0.874821 -0.429698 0.671259 1.146786 1.387069 -1.077132 -0.405293 0.071354 0.135001 -0.583929 -0.177787 0.338362 0.497622 -1.381110 0.039433 0.574300 0.468767 1.255496 -1.290553 0.986621 0.185763 0.011499 -0.653986 -0.848233 -0.270504 0.613199 0.911892 0.464185 0.993401 -1.039364 0.374076 0.013120 1.557023 -1.947554 0.726677 0.717453 0.870278 -0.865073 0.221001 0.833257 0.734738 -0.497224 -2.103592 0.781715 1.188820 -0.108868
surrounds -0.369960 -0.138775 -2.101259 -0.201637 -0.092550 -0.241942 0.078142 0.527796 -0.009254 0.892941 1.822351 0.019090 0.199582 2.019606 0.526636 1.446078 -1.101759 0.581850 -0.521226 -0.267816 0.563582 0.730706 1.054377 1.475562 0.846904 1.395226 2.695151 0.922105 -0.122979 -1.385785 0.339014 -2.192763 -0.565594 -0.888783 -0.193772 -2.555832 -0.632950 -1.453660 -0.000677 -1.372244 -0.529396 -0.127853 -1.404954 1.596107 1.199974 -0.220448 1.278502 -1.470732 0.166709 0.524298
shattered 1.069083 0.011862 0.811935 -0.962583 -0.123196 -0.591002 0.510405 0.423806 -0.838721 0.296717 1.354217 -0.881196 0.610758 -1.178174 2.551276 0.596344 0.174686 0.659626 0.592823 -0.760036 -1.902166 2.159499 -0.771660 -0.664110 -1.404423 -0.540802 -0.422243 0.964069 -0.483214 -0.332361 0.949384 -0.301386 0.472089 -1.619549 -0.846639 -0.804727 -0.853142 1.144638 -0.817613 1.851618 -2.154670 -0.108726 1.085364 0.780596 0.185424 -0.840308 -0.215928 -1.847893 0.547245 0.470503
hopes -0.455396 1.904238 0.481989 1.923481 0.303741 -0.803235 0.642291 0.222211 0.964161 -0.562813 0.157737 -0.256708 1.448429 0.358334 0.320086 0.465156 -0.193308 -0.157799 -0.276836 -0.201940 0.068284 0.942222 -0.649452 -0.208195 -0.239416 1.286057 -0.251189 0.469152 -0.268087 -0.874950 0.510065 -0.703941 0.103709 1.218478 0.350957 0.212526 -0.281535 -0.259095 -0.402938 -0.026774 -1.300051 -1.452806 -1.096493 -0.239075 -0.152617 0.805301 0.696954 -0.575882 0.030365 -1.480446
fade -0.829023 -1.002463 -1.448472 1.056209 1.156577 0.582054 0.740782 -0.187477 -1.440977 -1.236549 1.844838 -0.699802 -0.043326 0.627141 1.534478 0.444304 0.405815 -0.553469 0.893528 -0.244055 -1.953083 0.215910 -0.847429 1.449162 -0.076898 -0.659985 0.605243 1.589393 -0.637346 0.205791 -0.002370 0.406044 0.211520 -0.588150 0.621163 -0.894713 -0.031538 0.243156 -1.620827 0.807162 -0.683292 0.531769 -2.023719 -2.780596 0.599887 0.894149 0.670602 -0.900606 1.256739 0.880833
darkness 0.330525 0.456234 -1.163557 -1.347967 1.173563 -0.376664 1.026314 0.915958 0.300525 -0.866968 -1.702421 0.406008 1.484473 0.490972 -0.955835 -1.622872 -0.048582 -0.040435 0.030356 -0.531543 -0.494818 -0.945175 -1.076999 -1.424233 0.840182 0.039149 0.442868 -0.233419 -1.553974 0.722688 -1.108675 0.023165 1.540808 -0.386999 -2.472520 -0.457621 -0.366224 -1.500219 1.063332 -0.212755 -0.235360 -0.305538 0.208785 0.092546 1.340586 -0.268520 -1.662436 0.419727 -0.498650 0.418833
descends 0.276187 0.276828 0.832188 -1.453182 0.393587 2.070332 -1.909060 0.454700 -0.842114 -0.562740 0.296054 -1.296892 -2.200596 -0.836499 3.486207 -0.827871 0.561817 -0.764663 -1.630741 -0.030768 -0.481929 0.551428 -0.951928 0.931379 1.736518 -0.934883 -0.083568 0.494373 0.968682 -0.404420 0.269177 0.244152 -0.061151 0.514433 -0.313855 0.068354 -1.482046 0.686436 1.069799 -0.857414 -1.144877 0.036292 -0.095927 -0.298396 -0.106295 -0.995755 0.726207 -0.444052 1.346158 1.737262
betrayal 0.647184 0.961745 0.536489 -0.428539 -0.058111 -0.607180 0.720742 0.670586 0.225777 1.459658 -0.469968 -0.354476 -3.239025 -0.245474 0.441321 -0.064239 -0.705126 1.555601 0.179611 0.004144 0.238663 1.218782 -0.092701 -0.384309 -0.464502 1.032454 2.052270 -1.062334 -0.389501 -0.725610 0.596001 -0.135896 -0.587094 -0.973730 1.798812 -0.485591 0.122704 -0.241805 0.501139 0.601664 -0.470783 -0.275625 -1.005424 0.211534 1.626667 0.056155 -1.983729 -0.829445 0.161031 -0.588478
burns 0.410094 -0.228634 1.002907 -1.096748 -0.312289 -1.415918 -0.647411 0.021601 -1.674029 -0.071544 0.747735 0.466472 -0.491303 0.968251 -0.761542 0.188128 0.303780 0.788853 -0.806973 -0.477646 0.331586 -0.006471 2.459832 -0.776752 0.294635 1.144725 0.294194 -0.877185 -0.455738 0.103547 0.468529 0.194339 1.365699 0.293713 1.430729 0.302985 -0.471207 1.173919 1.675908 -1.036454 0.018274 -2.029188 -0.619196 0.186794 -1.483477 -0.959192 -0.040564 -0.880400 -1.686496 0.613857
deep -1.828164 -0.667319 0.007090 2.188805 -0.058987 -1.190760 0.394741 -1.256069 -0.725416 0.957419 0.534007 0.272982 1.546676 -1.141447 0.596615 -0.559087 0.653390 -0.165157 -0.481623 1.057757 1.439670 -0.767866 1.391804 -0.702385 0.923547 -0.286052 -0.198536 -0.284840 0.227657 -2.033394 0.491774 1.192064 -0.633223 0.603022 -0.498673 1.026849 1.666640 0.753544 1.576299 -0.639702 -0.387382 0.086993 -0.112093 -0.858321 -1.799540 -0.612540 0.080186 0.211908 -0.329471 0.361007
trust 0.001923 0.954703 0.954237 -1.354688 -0.784572 -0.165178 0.324710 0.521194 -0.085359 1.197642 -1.053174 0.464117 -1.384125 -0.992469 -1.196918 0.651333 0.499492 -0.881780 -0.241768 0.032282 -1.469142 -0.039597 -0.631542 -0.882663 -1.707029 0.153867 0.462175 -0.504688 -2.575532 0.119566 0.615154 1.235003 -1.840497 -0.679992 -0.999315 0.308943 -0.519093 0.308620 -0.669241 0.812439 1.378892 -1.853533 0.306198 -0.979624 -1.165210 0.187546 0.556843 1.034208 -1.371795 -0.110065
a 0.434929 0.938744 -0.225774 -0.539441 -1.203717 0.370997 1.640929 -0.167582 -0.926273 -0.640304 0.167805 -1.466726 0.097364 -0.063605 0.755243 -0.905432 -0.573870 -1.050402 -0.073061 0.769102 0.122103 0.658041 1.840466 0.300970 -0.801628 -0.916807 0.672410 1.957146 -1.052610 -0.434994 0.286395 1.912638 0.431260 -1.213838 0.251927 -1.726135 -1.638543 -1.264989 -1.633575 1.004269 -0.209588 0.740171 -1.674991 0.221027 0.556704 -1.082017 0.752695 -1.130096 0.105690 -1.021847
tempest -1.221706 0.662024 1.514176 0.722984 0.925406 0.094366 -0.287947 1.341584 -1.544090 -0.481554 -0.622118 0.151284 1.185396 0.911029 -1.520160 -0.187520 -0.472408 0.667776 0.311601 0.382423 -1.230695 -0.360389 -0.691013 0.558073 -0.439095 -0.018392 0.837975 -0.044296 -1.333336 0.664849 0.920933 -0.201261 0.643499 0.316989 1.252205 0.460010 -1.370536 1.130161 0.459230 -0.440579 1.582052 1.144907 -1.759091 -0.700048 1.085886 0.076366 1.021763 -0.563075 -1.102593 -0.951527
unleashed 2.783703 -2.936538 -0.794775 0.933902 -0.254045 -1.076512 -0.101515 1.419641 -0.766235 1.191436 0.231021 -0.014225 -1.218955 0.955298 0.843339 -0.456361 -0.201885 1.197172 0.399441 0.833714 0.039557 -0.313602 -0.653261 -0.735361 -0.268559 -1.093528 -0.874484 -0.264367 0.746598 1.100448 0.221797 0.347639 -0.327214 -0.715352 0.907798 -1.603674 0.774634 0.044130 -0.497032 -1.022861 0.923761 0.017384 -2.242534 0.417017 2.280701 -0.586977 0.120208 -0.186865 -0.440219 1.876711
table -0.397906 -0.004065 -0.290507 0.006543 -0.608708 -1.486983 -1.146853 0.594213 -1.071522 1.537441 -0.863040 0.232907 -1.084677 1.186320 -2.357715 0.301891 -0.716149 0.463048 1.192186 -0.373889 1.949985 -0.335778 0.860002 -0.630087 2.285291 0.196294 -0.188773 -0.977689 0.848716 -0.485703 -0.661481 -0.165840 0.031487 -1.004159 -2.021244 0.551029 0.344875 -1.080051 -0.289189 1.776297 -0.458722 0.126903 -0.077260 -0.826472 1.467106 1.210199 -0.654901 1.376060 -1.773224 -0.889991
has 0.609223 -0.761040 1.363971 -2.440516 -0.959607 -1.890448 -1.520232 0.660756 0.387599 0.214341 1.678745 -0.104032 -1.054424 -1.576648 0.195297 0.513174 -0.907448 -0.493130 -0.075710 0.123162 0.296210 -0.087552 -2.107657 0.247397 1.312901 -0.550344 0.001525 -0.138681 0.331667 0.753314 0.211597 -0.870819 0.693518 -1.072176 0.708936 0.541642 -0.763889 0.310662 -0.120100 -1.519641 -2.109716 1.346143 0.551600 0.873509 -0.266411 0.990434 -0.181033 -1.239999 0.547692 -1.345636
four -1.068650 -0.537139 0.135594 -0.123233 1.062086 1.309635 -0.748910 -1.416999 0.691881 0.152267 -0.578731 -1.678614 -1.466263 -2.645368 0.574245 0.151606 -2.110437 0.960916 1.285766 -0.501520 1.072940 0.091697 -2.073415 -0.045443 -0.434176 1.137053 2.443978 -0.013473 -1.957452 -0.153492 0.043953 -0.443708 2.564043 -0.508126 1.720660 -0.670019 -0.345203 0.425981 0.071827 -0.961363 1.040043 -1.630124 -1.054479 -0.960964 1.315560 1.592308 0.426800 0.012396 -1.214272 1.151647
legs 2.415622 -1.345035 0.267805 -0.594941 0.010450 -0.265847 -0.574194 -0.362987 -0.059126 0.176844 0.481849 -0.200573 0.407318 -0.157912 -1.514308 -0.460249 -0.355805 -0.043767 0.312633 0.457572 -1.895321 1.519591 -0.506304 1.133128 -0.867711 -0.816353 -0.815651 -0.637658 -0.368065 0.499222 0.523290 0.122322 -0.298890 -0.734422 -0.591959 -0.023161 1.542379 0.337321 -1.435360 -0.126742 2.040500 -0.193305 1.676000 -0.751299 1.823279 -1.151381 -1.100347 0.240416 2.128038 -0.634160
alone -1.301626 0.683260 -0.320704 0.034662 -2.463532 -1.323620 1.273117 0.986899 0.242410 0.535615 -0.772548 1.055344 -0.672567 -1.516597 0.175178 0.813123 -0.836793 -0.228387 -0.098709 0.456068 -1.194676 -0.697449 0.488664 -0.527116 -0.931865 -0.607343 0.568386 -0.239914 0.494278 0.970087 1.910332 -1.376003 -0.444591 -0.128618 -0.585606 0.776807 0.797495 0.131384 0.896171 -1.996920 0.089439 1.379352 0.774444 -0.586990 -1.361372 0.399702 -0.624888 1.731832 1.073524 -0.642555
silence 0.755074 -0.797509 0.006913 -0.388056 0.098643 -0.101639 -0.127265 -1.093012 -1.011219 -0.111884 1.479724 0.118082 -0.167946 -0.299697 -0.982589 -0.357539 0.014204 -0.741976 -2.684054 -0.558639 -2.270474 -0.686678 -0.206482 0.366259 -0.102215 0.798855 0.008560 -1.533314 0.003903 -1.101488 -0.577754 -2.111971 -1.402032 -0.879759 -1.794461 -0.819666 -0.620237 1.128276 -1.212703 -0.929320 0.753236 -1.032829 1.366070 1.139610 -1.426187 0.108651 -0.097733 -1.084568 -0.630379 -1.644744
pain -0.243848 -0.568798 0.431287 -0.531771 0.599264 -0.199287 -0.145848 0.827644 -1.295625 1.514865 -1.536950 -1.151676 -0.736763 -0.287909 0.297333 -1.282602 -0.111106 1.219097 1.177449 1.318615 -0.278117 0.745192 1.019014 1.020588 -0.594481 -1.108936 0.813632 0.537098 -2.026187 -0.798158 1.376695 0.128445 0.559944 -0.210932 -1.488236 0.390352 0.550574 0.125421 -1.224393 -1.163609 0.707966 0.194303 -1.045819 -0.179153 -0.696605 -2.652592 -1.049413 -0.789910 -0.691489 0.890786
echoes 0.215839 -1.789578 1.259435 -1.200954 0.362112 0.575138 0.024851 -0.777467 0.504600 0.130052 0.952902 0.166242 0.280497 -0.470470 -0.580568 0.072856 0.592219 2.739483 -0.172039 1.727179 0.969026 -0.876267 0.406073 -0.461651 -0.235700 -0.148160 -0.233797 2.273554 -0.586127 0.547232 0.089517 -0.800002 1.219202 0.291864 0.916411 0.015051 1.782048 0.542902 0.186779 0.399203 -0.428294 -0.548229 1.017923 -0.575902 -0.260848 0.789242 0.580643 -0.781411 -0.189161 -0.746135
aching -0.794655 1.399021 -1.146735 -0.178596 1.542530 0.673264 1.821662 0.331867 -0.342979 -0.770532 -1.241705 -1.530495 -0.390876 0.413522 0.023970 0.273138 -1.170431 -0.712961 1.495880 -1.737392 -0.698361 0.896238 -0.003276 -0.311058 0.383151 0.072167 -0.584954 1.197770 -0.457892 -1.131855 1.660269 0.191716 0.819423 -0.938278 0.491767 2.292453 0.246536 1.443480 -0.146361 -2.296738 1.447165 1.112235 -0.212790 2.068639 -0.289723 0.389322 -0.292841 -0.185486 -0.025838 0.938688
souls 0.608247 0.254368 1.770421 0.412435 -1.343025 0.982945 0.421610 -0.903339 0.676097 2.171755 -0.077911 0.515380 0.751751 0.763954 0.167014 1.423645 -1.028172 -0.879262 -0.667719 -0.001316 -1.025073 -0.422201 0.936625 -1.198935 -0.142168 -3.053527 -1.296423 0.405482 -0.598209 -0.182658 -1.527452 1.109013 -0.678566 1.134449 0.178203 0.649427 0.450873 -1.275612 -0.101214 -1.784294 -1.244010 -1.300526 1.166986 0.984682 1.391556 0.340156 -1.142498 -1.279357 -1.331049 0.541652
mourn 1.724965 0.073697 1.084769 1.781572 0.661924 0.903085 -2.145688 0.726453 -0.688094 -1.080538 0.385509 -1.077420 -0.422110 -0.106954 1.480952 0.099614 0.415983 -1.133228 -0.027035 1.069591 -0.737009 0.362968 1.464455 -0.889253 -1.291624 -0.420159 0.340120 1.777843 0.007915 2.336714 0.229913 1.084547 -0.887212 -0.507594 0.734763 1.042613 0.284109 -0.258342 0.067041 -0.740306 -0.686105 0.008800 -1.423468 -1.627974 -0.328710 -0.594832 0.523776 0.730613 -0.018191 -0.786948
roaring -1.347784 1.750634 -1.004124 -0.793199 -0.854478 -0.646655 0.434627 -0.516178 -0.340187 -1.727355 1.000287 -1.263570 1.361699 -1.341099 0.304954 0.023819 0.035411 -0.236652 -0.598800 -0.672709 1.958538 -1.187091 0.423876 -1.609326 1.053441 -0.231555 -0.313538 -0.153277 -0.253295 -0.908080 -0.376555 -1.524293 1.360850 -1.096262 -0.261008 -0.601079 -1.081675 -0.108315 1.632803 -1.213834 1.562313 1.180991 -0.934523 -0.323037 2.584448 -1.022299 -0.559003 -0.052779 -0.097659 -0.262465
thunder -0.423893 0.618802 0.858302 0.725374 0.189303 1.170445 -0.136939 -0.963900 0.014501 0.309791 -0.035630 0.485165 0.939479 0.831590 -1.261103 0.134272 -1.003030 0.240463 -0.532989 1.173791 -1.152801 0.636559 -0.943802 -0.764682 -1.284198 -0.928798 1.022044 -0.024615 1.140578 0.169177 -0.279434 0.003769 -0.111919 -0.593974 -1.003296 1.421227 -0.232866 -1.949924 -0.541687 -1.258122 -0.501191 0.698242 1.467045 -1.936209 0.839173 0.412467 -0.137137 0.024019 -0.799360 0.904888
storm 0.232605 -0.153913 0.172842 0.343550 0.661693 -0.883745 2.172879 0.644150 -0.912577 0.490777 -0.553727 -0.354820 1.103582 1.369576 -0.612584 -0.334883 -1.227036 1.084996 -0.588270 -0.831196 -0.729389 -0.803608 0.160675 -2.826179 -0.650325 1.033494 -0.207661 0.031599 0.645334 -1.617993 0.903309 2.523669 1.458020 -0.560317 1.151830 0.489342 0.328675 0.230139 0.508505 1.486527 -1.731963 0.613152 0.109736 -0.301934 0.432525 -1.606971 0.891991 1.044267 0.530653 -0.980960
clouds -0.029747 -0.697254 0.433197 -0.583889 -0.156061 -1.031745 0.740163 -1.570721 0.991760 -0.827921 0.661244 0.525462 -0.381915 1.175133 -0.638640 1.824412 0.043443 0.020214 1.598105 -0.034600 -1.230881 -1.187643 0.301080 -0.504484 -1.108239 -0.428765 0.297552 -0.006536 -0.051763 1.397040 -0.378903 -2.029047 0.667169 -0.741658 1.052261 1.290246 0.467185 -0.170421 1.033245 1.445041 1.060766 -0.276984 -0.282000 -0.113002 -1.265325 1.826955 -0.196362 -1.320241 -0.873993 0.130098
gathering 2.517723 -0.421033 0.114971 -0.908785 0.568968 -1.845633 0.276245 1.527157 -0.205507 -0.497190 0.460706 -1.811827 -0.064477 1.063691 1.237047 2.122303 -0.589062 0.880509 1.403554 0.154374 0.264580 1.883462 -0.211958 0.353692 1.546625 -1.219159 1.204686 0.354225 0.957854 0.146472 0.655579 0.158536 -1.885437 -0.873427 0.608014 -0.263099 0.701037 0.819116 1.941962 0.538253 -0.064363 -1.093209 0.734520 0.270081 -0.816738 0.156851 1.316738 0.379287 -0.956483 0.038336
anger's 0.280137 -0.198093 -0.956296 -0.764995 -0.066244 1.022916 0.449519 0.562973 0.001440 1.061514 -1.177906 -0.859245 -0.611096 0.495297 1.109499 1.666605 0.572149 -0.635408 -1.083341 -0.556364 -1.540028 1.055085 0.708734 0.092006 -0.132067 1.206513 1.457631 -0.688821 -3.448834 -0.584694 0.216035 0.081244 -1.828158 0.344991 -0.379403 -0.731666 -0.740832 3.471713 -1.989490 0.418039 0.739075 -0.071203 -1.254025 0.446368 -0.477084 0.659519 0.041693 0.091460 -1.033919 -1.094648
raging 0.947794 -0.978858 -0.368289 -0.460176 0.597805 -0.543052 1.535315 -0.814759 -0.488198 0.162801 -0.053739 0.945054 -0.437337 1.420415 -1.628421 0.245410 -0.293386 0.830244 -0.013460 -2.376138 1.738929 -1.016868 1.076852 -0.586693 1.134173 -0.847938 0.007022 -0.367474 -0.731787 -0.437974 0.499849 -0.949743 -1.300953 -1.715319 -0.996540 -2.453839 1.866058 -0.600792 -0.019079 0.562542 0.414744 0.440031 0.516856 -1.285558 -0.386146 -1.157006 1.290755 -0.403858 0.536294 1.585365
within 0.932884 -0.209775 1.281183 1.559785 -1.647994 0.637142 -4.237415 -1.982747 1.764394 1.980780 -0.245958 -1.695399 0.873941 0.535799 0.470231 -0.149844 0.723520 -0.973608 0.613502 1.042546 1.495575 -0.154819 0.592485 -0.251561 -0.382792 1.460408 -0.708310 0.866223 -0.894083 0.429526 -1.882739 -1.015064 0.179277 2.029952 -0.826489 -0.144632 -0.555005 -0.753812 -1.034172 -0.175971 0.212441 -0.862763 -0.119110 -0.439595 0.437422 0.166177 -0.277051 -1.236030 0.615328 -0.003207
every -0.143810 -1.335486 -0.530251 0.393065 2.974469 -2.000860 0.423335 -0.572279 -1.460733 -0.802306 1.115876 -1.526962 1.398289 0.711414 1.382807 -2.041193 -0.380016 0.593271 -0.612381 -0.419263 0.807430 -0.093849 -0.724210 1.375399 0.060045 0.368850 -0.121398 -1.471752 0.430971 -2.273954 -0.483242 0.157277 -0.355437 0.696811 -0.887492 1.050175 2.112345 1.365300 -0.677450 -0.196929 -0.031647 1.074945 0.082102 1.037529 -1.680882 0.849660 -2.033029 1.378707 -0.349040 -1.606900
moment 0.722350 -0.520424 0.021707 -0.705048 0.366989 1.077072 0.740872 -1.426360 -2.070483 0.185066 -0.378076 -0.708647 1.582042 -0.928475 -0.677779 -0.921702 1.021187 0.235177 0.325445 -0.475272 0.946045 0.516566 -1.300524 0.670340 -0.595216 1.521645 0.419154 -0.244513 -2.025450 0.237836 -1.964037 0.464143 1.218722 -1.361156 0.124020 0.737413 -1.561840 0.586414 0.887560 -0.767648 0.014283 0.955248 0.233709 -0.383034 -0.266168 -0.192298 -0.075760 -0.544707 -0.182293 -0.065425
sparkles -1.034099 0.350478 0.428035 0.351232 -0.386162 -2.643748 -0.406255 0.656313 -0.139683 -0.741662 -0.952215 -1.518673 -0.202880 -0.223029 1.245108 0.233395 -0.496008 -1.035012 0.876844 0.681558 -0.093567 0.041024 0.463122 0.744653 -1.619368 -1.065187 1.849728 0.340986 0.327534 -0.259194 1.216337 -0.563402 -0.000484 0.076623 -2.080465 0.038583 -1.258386 -1.441263 -0.522971 0.517134 0.999825 0.190758 0.310882 -0.737804 0.032432 1.440265 1.454585 -1.197190 0.687802 0.053302
life's 0.984703 0.031042 -0.372998 1.394936 0.890960 -0.393410 -0.460656 -0.250643 0.517736 -1.483584 -0.664507 -2.216396 0.580429 0.247634 -0.458759 0.665421 -0.376171 0.642997 -0.243987 -0.987457 -0.241013 0.148531 1.028387 -1.381252 0.660206 -0.657760 -0.183359 -0.843717 -1.290935 0.131529 -1.597827 0.562448 -0.662075 -1.438194 0.157374 2.366314 -0.818513 -0.069663 -1.489625 -1.041791 0.516197 -0.720324 1.230592 -0.171382 0.018893 0.928078 0.944989 -0.543663 0.394354 -0.488645
symphony -0.727802 -1.381547 -0.474312 -0.316252 1.011234 0.548715 -0.735858 1.252889 -0.211071 -0.242550 -0.889261 -0.101708 -0.248376 -0.552797 0.959273 -0.689439 -0.021147 0.480251 0.451146 -0.647025 -0.410361 -0.252428 0.407003 0.068205 -1.716538 0.526033 -0.839418 -0.474990 -0.602176 0.161783 0.439764 0.125922 0.410117 0.440086 -0.646477 0.283496 1.028939 -1.252644 1.699896 1.270135 0.244930 1.593179 -0.432475 -1.212129 1.475445 0.078335 0.438229 0.777644 -0.011692 1.229430
happiness 0.251554 0.397436 -0.043973 0.578001 -0.032315 -0.935605 -0.240995 1.117034 0.067441 1.226342 -0.495281 0.837659 2.081099 0.255518 -0.522681 1.497679 0.659040 -0.019179 -0.160921 -1.855342 0.913458 -0.097103 0.294415 -1.006265 -0.465018 1.592065 -0.750685 -0.372626 0.451169 2.022166 -0.439973 0.319990 0.238089 -0.420677 -0.495978 0.471930 -0.081992 1.460059 -1.404250 -1.193059 2.036819 -0.439540 0.553776 -1.901469 0.994756 -2.066471 0.027349 -0.762984 0.578484 0.027035
plays 0.400682 -1.156766 0.037147 -1.988722 -0.641756 -1.672036 0.609338 -0.747530 0.342642 0.263778 0.215992 0.633902 1.810340 -1.307969 -0.258644 -1.289209 1.713127 -2.308473 0.307624 -1.042535 0.489342 0.328490 -1.646779 -1.777485 2.352857 -0.712254 0.026979 1.056221 0.570499 -0.448205 -1.457237 0.482645 -1.555786 -1.709988 0.810324 0.433464 -0.616987 0.623065 -0.450774 0.312301 -0.569054 -2.100128 0.463454 1.699141 0.795341 1.443112 -0.324392 -0.023478 -0.461297 -2.664843
on 1.885248 -1.068664 0.363522 -0.581772 -0.630854 0.351164 0.760399 0.560632 -1.165241 0.310939 -0.064321 -0.596422 1.975831 0.767495 0.068606 -1.600463 -2.275592 -0.910726 2.243996 0.141157 -0.322547 -0.455588 -0.243087 0.550580 1.891764 -1.252070 -0.705414 -2.162810 0.385289 1.847455 -0.785074 0.289325 0.618440 0.623939 -2.327057 -0.769023 -0.765452 -0.851803 0.828307 -0.085207 -0.541071 0.188231 -1.537329 1.295864 -2.341756 -0.149765 -0.302408 1.615243 1.393718 -0.288077
package -0.382186 -0.625397 -1.479588 2.219855 2.528763 0.554664 0.291749 0.249097 -0.718063 -0.243730 1.520203 -2.021944 0.309959 -0.644176 -0.216173 -0.103521 1.394017 1.164449 -0.615439 0.677405 -0.276255 -0.991888 -0.994311 0.611000 -0.147953 -0.658537 -0.311305 0.407169 0.398561 0.386073 -0.835740 -1.214451 1.620489 -1.003554 -2.398589 0.442481 0.481369 -2.165794 -0.653342 0.296819 -0.127357 0.322179 0.187593 -1.486729 0.177951 1.126699 0.560126 -0.590865 -1.146568 -1.521389
arrived 0.757954 -0.363740 -0.454051 0.101801 -2.544120 1.263617 -0.053379 1.248248 -0.057351 -0.132546 -0.213057 1.743951 0.156671 -0.700161 1.327314 -1.762276 0.857925 0.674787 -0.539071 2.488819 -1.592636 0.802218 -1.168729 1.440085 1.098715 0.519247 -0.817550 0.310709 -0.746983 -0.621572 0.695217 0.367732 0.241756 -0.947980 0.512512 -1.170502 -0.073736 1.012472 -0.044145 1.471635 0.962637 -1.294942 1.744732 1.681976 0.370558 1.335832 -2.840338 2.211307 -0.691700 1.166499
time -0.181900 0.100412 0.773297 0.631194 -0.480586 -0.563740 0.658628 0.112826 -1.390081 -1.615950 0.968971 0.193276 -1.019198 2.302550 -0.897359 -0.975397 -1.609417 -1.312388 0.928412 0.400389 0.544191 0.533065 -0.295865 -1.542491 -0.550534 0.260119 1.274337 -0.799706 0.555248 1.084848 -0.162632 0.139065 -1.191586 -0.006352 -0.560096 -0.114145 0.731914 0.282591 0.037220 -0.602198 -1.041759 0.120116 -0.832170 0.846365 -0.156897 -0.024382 -1.130586 -0.069907 -2.212002 2.369765
bowhead 1.443677 -0.359970 0.048432 0.279914 -0.352527 0.037043 0.472215 0.821754 0.923690 -0.333569 -0.151248 1.182486 0.208413 -0.661381 -1.755069 0.840841 -0.314160 0.847569 -0.063132 -1.402452 -0.027638 -1.214622 -0.545578 -1.600895 -1.100219 -1.165305 -1.017500 -0.125360 -0.413975 0.335529 -1.131736 -1.560234 -0.757312 0.421123 0.321924 0.743405 -1.070713 0.054135 0.101476 -1.461443 2.114706 0.699621 0.123838 0.372418 -0.216237 0.138448 1.575592 -0.395717 0.439351 -0.737397
whale -0.135043 0.441353 -0.423079 0.488470 -0.063899 0.547727 -0.076687 1.067525 1.647956 -0.992602 -0.449482 -0.693621 0.196723 0.741922 -0.167671 -0.362900 -1.157201 0.281124 -0.194759 -0.853012 -0.545127 -1.242698 2.370538 0.874889 -0.816134 0.469774 -0.488036 0.595808 0.112867 0.681385 0.601512 -1.154028 0.520825 0.141176 -1.449017 -1.285032 0.627793 -2.348760 0.711931 0.009123 -0.053752 -0.835260 1.960191 -0.099108 -1.078353 -0.304961 -1.603913 -0.041053 -0.434710 0.444936
longest 1.202721 0.965646 0.828926 1.421317 2.416990 1.101010 2.336211 0.231255 0.905199 -0.428168 -1.138005 -0.296604 1.985433 -1.977229 -1.192502 -0.100611 -0.223297 -0.243799 -0.761723 -0.025395 -0.909566 1.153695 1.371911 0.296484 0.100912 1.279939 -2.359351 -1.478705 0.063647 -1.423250 -0.510087 1.343658 0.890334 -1.635761 -0.697055 0.607402 1.680671 -0.534788 0.915213 2.006820 -0.031968 0.590088 1.202151 1.325312 -0.361749 0.249150 0.950728 0.181397 0.354355 0.745145
living 0.769981 -2.386234 2.035910 -0.454603 0.453842 0.227705 -0.781007 0.832105 -0.469733 0.607665 -0.117355 1.847701 1.438033 0.411355 1.485021 0.865762 -0.819044 -0.592512 -0.885458 0.136235 -0.714432 0.394862 0.453537 0.926953 -0.961534 -1.878538 1.878718 -2.131395 0.820066 0.864802 -1.480665 -0.427605 -0.202858 -0.711138 0.090334 -0.720549 -0.737785 -0.950013 -0.452167 -1.453573 0.521173 -0.472352 0.470649 -0.458255 0.834034 0.396876 0.093197 -1.533209 0.971463 1.517738
mammal 1.069526 0.522784 -0.678855 1.481462 0.551719 1.014770 1.017245 -0.507900 0.388702 0.371425 -0.775366 0.751473 -2.523472 1.503703 -0.845244 -0.665614 -0.649161 -0.723046 -1.570125 -0.229082 -1.499139 -0.228042 0.630208 -0.326470 -0.447607 0.687244 -0.588883 0.712612 -0.834614 0.151197 -0.347863 1.036513 -0.756813 -0.593497 1.694593 -2.124462 1.520662 0.025730 -0.610408 2.426480 -0.788209 1.192500 -0.478599 -0.152949 -0.155974 -0.062820 0.074477 -1.254318 0.442893 0.951997
